True
False
1776
2738
1048
969
93
666
2405
2285
2991
1670
422
663
4
1705
1517
227
2418
2463
899
1152
751
560
30
1619
1609
121
974
2123
2807
898
2868
1804
236
2922
685
1399
58
745
1721
2333
976
1970
2726
2451
1911
255
215
2083
246
2821
1255
2997
1290
1940
2874
322
112
716
428
2830
713
1457
2786
2510
2135
1068
1153
2834
1446
210
760
2066
1978
392
2898
2685
2115
1803
2962
1801
302
334
943
642
1481
2364
2622
2601
999
312
1637
2975
591
2701
292
1305
1888
403
165
587
2766
110
809
1921
269
2396
2729
2774
2431
160
2872
865
363
2896
1491
1388
2085
1257
2851
2789
423
1665
1075
1273
2354
1595
2124
624
852
364
577
1394
925
1142
708
1833
546
2585
1012
961
1054
656
2276
223
1027
2576
339
2627
2334
2004
273
276
2641
1954
1077
1926
2056
353
1390
2735
2508
774
280
557
996
1557
1532
2232
2469
727
45
1173
103
1680
2516
56
2731
2590
17
620
617
2055
132
1436
1366
2814
2136
2873
1749
825
1819
1582
869
479
1003
2938
2615
235
49
2869
2797
987
2139
2220
2525
1395
1253
641
2559
2655
421
1684
872
746
2142
882
2843
1177
219
775
2068
2892
484
2815
2377
1757
915
2269
1447
822
2005
920
2923
2362
55
225
829
2795
2501
1917
1145
1019
2580
2984
2388
367
1162
2279
1078
1989
2403
2493
389
1761
2028
2955
1342
2532
1981
1272
1248
2925
975
2920
2605
2741
2871
1405
347
79
1988
1512
1676
772
1632
2642
1806
709
1376
1057
1327
2015
901
2839
1748
108
2998
626
739
2578
2562
1037
947
979
866
1374
2723
376
2294
1499
2531
539
1840
622
841
2241
1858
2365
719
358
285
2251
2453
8
2754
29
391
197
2009
2538
2683
1154
2459
2966
1209
1213
848
1697
1799
111
1263
1280
2579
950
1400
1496
2635
260
2564
1170
838
10
2099
2787
1071
2112
643
2238
2708
780
188
2636
1980
1045
826
2081
1434
2073
384
263
2177
2710
240
588
460
1999
1036
1417
1432
261
2383
1261
686
1101
696
2250
2342
2781
1041
1649
1110
966
1270
1402
2854
438
1941
1682
2742
753
1841
1361
1991
1440
873
534
1347
1982
1351
1739
2653
1948
1176
798
1651
2689
2092
2866
393
1878
2828
1762
2717
190
551
1597
348
510
1589
2128
1675
2513
1618
120
2434
2119
228
2245
39
913
1332
2765
2137
2161
480
720
2674
1711
1800
1758
2799
2254
488
1515
2475
877
2614
2752
2703
2013
490
900
906
687
1782
1548
213
233
834
1451
2023
2243
1843
2278
527
2291
2197
2978
420
5
669
169
245
706
1306
812
820
1851
106
1478
886
1032
2711
2760
1103
2393
436
941
2767
894
723
1433
644
1984
1344
172
1805
124
2187
2650
1824
1598
2117
2441
1519
390
805
99
2107
2148
1357
2108
469
214
819
897
1316
2091
2905
2097
40
2258
2382
278
707
2219
1044
1474
2956
973
2558
2778
1704
933
1961
2282
2514
191
1602
2588
2537
326
1500
1621
1790
831
2850
1023
1083
1324
530
418
2370
315
107
1345
2032
1370
802
997
2446
634
2692
1335
2979
1929
1551
2162
1375
2890
1509
321
567
1960
1107
1891
47
313
630
333
1309
1146
1247
1052
2413
1835
2857
2947
1767
1737
1239
1736
2587
180
2347
2490
2959
2658
2417
1137
1971
2803
2320
598
383
1523
1969
2744
1912
836
1114
127
130
860
962
2506
238
2643
2296
119
1251
1865
583
1297
2384
2272
2918
493
1435
1963
2704
2987
1925
1371
1088
2221
2292
2639
2549
522
1151
2677
1561
2687
1571
828
1813
2031
726
528
945
2424
637
2885
579
2494
2768
2323
1507
2129
2140
703
1583
857
2312
410
2203
499
2186
855
396
2429
2790
11
2287
2368
2259
195
754
6
2813
1330
2980
2060
2939
1889
797
1091
2274
2618
2619
2448
2879
1149
2929
1155
308
476
2348
776
2919
2838
2944
2565
2862
1951
558
1848
1215
159
33
1867
1943
2764
1013
2007
149
965
2548
789
506
1599
434
445
2461
851
2948
2935
552
951
2783
616
2697
1119
778
1822
2173
2571
1445
497
2058
2672
1109
1200
904
2595
430
2709
684
81
1533
1201
1271
1542
338
1815
2050
2545
2158
1494
949
782
2335
1437
1226
84
87
2130
44
2325
2306
1267
2847
1046
2317
729
1633
187
586
1089
1284
1291
2856
36
2977
788
1793
980
1759
399
1116
1733
74
381
859
561
2695
232
2526
1060
1243
455
342
77
1193
1659
1266
2575
806
2592
1522
2748
1282
2224
1098
2419
482
1087
1220
734
2343
937
2316
450
1807
1764
1501
395
181
144
619
1122
475
270
1031
1202
2539
2233
2078
2724
1014
1558
1909
2921
681
2598
1668
414
1404
535
82
759
2355
2523
912
2628
2030
1703
1572
1207
1510
1288
2881
2311
25
1915
1195
2733
2114
2470
1931
2374
2833
1650
909
1594
2327
1531
701
1641
2495
471
35
688
1932
2522
2894
2910
1694
1441
650
1901
1818
2346
533
501
520
2016
175
2937
2826
28
1459
1772
2917
2172
923
689
1967
2486
1115
304
1412
145
86
1660
2992
964
1577
1671
1187
2363
1329
1161
2800
1647
1212
2555
1206
325
800
823
411
649
2792
2437
286
2914
2673
1821
126
2053
21
2957
1505
661
2566
924
1489
1495
698
881
1534
13
400
2212
2439
2408
1753
1426
2714
2062
1648
680
2904
2240
2784
1957
2680
1006
2132
1218
446
1242
670
2728
2895
1861
1126
1191
369
1718
1365
1994
2395
728
1064
105
932
239
985
545
341
200
1524
594
1443
1
1043
1930
1907
1783
1025
161
2968
1479
755
2349
2609
1744
2520
352
2946
1180
1328
2111
717
1336
2048
589
658
849
2715
2496
2652
821
2727
1230
1143
761
542
655
1830
1850
523
343
2397
2263
356
2645
271
1875
733
2512
1845
205
1709
948
1497
1741
1728
2289
206
992
2942
2248
2076
2640
1208
1422
265
447
427
871
2671
1539
2045
2913
2500
1655
1067
1914
578
529
1720
2488
2528
801
2217
2225
2138
1121
538
2360
2656
1112
1661
2855
2926
355
2676
2808
1866
584
2911
2999
799
2340
274
870
2206
2096
441
832
919
2684
2860
654
2796
62
2358
335
942
1292
861
888
2963
2067
2134
1331
287
625
2147
2858
151
2497
2054
2654
2836
1828
2021
1625
1710
2713
1237
1082
2831
1477
264
2118
1424
1972
2466
1820
2159
2122
1550
507
1567
724
2691
2688
2253
100
1802
416
1904
2178
2356
2909
1662
2151
2423
576
2634
2662
2705
412
672
2381
1428
1886
570
314
2593
677
2749
2902
2275
562
2376
783
1640
1870
2665
2042
2502
702
2386
1295
251
1111
2153
267
513
1066
2110
2882
83
1475
2498
2574
2927
1679
509
1158
2802
365
1304
1654
1416
2202
224
1486
2034
853
96
2550
2152
1472
2482
1576
1979
2773
2816
1449
464
2024
846
1354
1409
595
939
1317
474
2104
1669
125
294
2181
1893
1615
272
660
2889
705
357
1751
2371
394
674
2989
2012
2411
495
148
193
1518
1527
198
1502
540
2908
612
609
458
2070
927
968
2339
1593
647
201
2046
1015
2082
2438
592
1352
2631
91
2780
71
2747
2916
1706
566
2542
1864
868
1029
452
183
2546
1964
1164
1752
1689
1905
917
2075
2718
2141
1879
398
2307
237
659
2582
1498
2779
443
1788
12
76
1959
122
152
194
2827
1174
2983
1392
1259
1565
1411
549
2305
2069
1862
1844
2491
115
1401
1340
2167
2464
1131
1256
2049
2936
1492
2010
1559
114
1159
2719
2848
864
2401
1413
2775
833
435
131
2990
1666
749
2379
483
1732
1552
1139
2352
1134
1973
614
2460
1837
494
1613
1884
811
465
456
1430
296
604
184
1049
875
42
1350
1538
1022
2416
1461
69
1681
1028
1182
2200
1325
605
1100
1939
2332
2632
1391
1188
2611
936
2505
679
1020
544
940
173
2084
1735
2669
54
2302
1102
2700
1353
793
1062
1123
346
1021
279
2414
2044
1397
792
1042
2597
771
2406
2468
1009
2952
1485
1746
2061
409
1384
1503
2267
2986
903
1544
486
2557
1348
550
1569
1942
2479
2001
329
208
1476
440
2242
958
2426
2535
2436
2583
1605
2273
2543
1463
419
2391
1877
803
1856
1047
2707
1293
2257
1585
1231
572
519
2693
1007
2319
177
288
517
2093
1956
317
1537
2756
2157
2304
1016
2373
2026
1777
2745
553
2155
2887
1367
1630
2421
63
1890
1859
675
257
2089
601
1631
301
1070
2876
2596
2620
2606
1674
1298
2625
1488
2249
2960
361
946
2410
2326
129
209
1541
1065
1283
794
2328
2759
2297
781
732
1692
1061
1480
59
1685
795
1918
1415
2844
981
2385
990
2472
1186
2369
2849
2572
508
2357
1467
2256
1913
1636
1233
386
896
18
268
2530
19
1216
1245
735
1842
2331
2875
718
1725
15
1235
2884
1184
491
1341
618
2743
725
1734
138
1702
2758
167
1217
640
1148
2443
1275
2678
2433
1584
1622
1196
503
1453
2534
2098
1949
564
2931
2755
1656
1224
2782
1024
109
284
1378
1773
1168
2277
986
1095
1249
2638
606
170
2751
192
1873
1645
2380
1482
2163
1581
2577
1849
537
1990
2300
889
243
2621
178
1096
1136
502
2353
1610
2487
1194
2033
2647
1377
331
556
2812
1667
2556
2303
75
1104
293
2359
2449
1008
2702
2613
2218
2805
1947
1729
742
2623
737
2675
2154
840
1555
373
1847
289
763
1227
2560
351
136
1285
2771
1286
2442
262
2017
51
350
186
2950
1535
2072
2954
1002
2484
887
1033
2309
95
1320
2008
2184
2949
1687
2646
275
230
1236
721
1719
2170
571
1084
632
1525
2194
477
1185
602
531
1167
1337
2888
2398
2489
796
1281
1730
2427
216
1887
1026
1771
2473
1723
1246
2870
1755
1962
349
1976
1308
1922
2150
691
1945
2649
2476
2315
1172
64
673
548
1714
176
1588
2126
2367
2840
415
1438
1360
1604
1713
2260
2372
2594
1658
2247
935
2211
2584
1955
281
439
863
1568
2458
1262
521
1265
1817
1466
1030
1473
413
2945
156
766
50
1663
2734
2777
2145
2509
1069
638
2198
1528
787
1074
53
891
2006
1274
1754
767
22
2971
1222
2168
1147
1073
297
1319
1346
283
1770
2465
153
2182
652
163
2915
1118
1763
2387
1899
380
1986
1381
2244
2116
989
2852
319
2420
41
695
1616
1135
72
2176
892
2409
1898
2900
2761
1181
1321
1513
1462
2080
998
525
1301
1511
814
671
1673
1700
741
2477
1296
1874
1269
1035
256
2845
2088
1454
1540
2533
2180
2996
1796
1880
1546
1927
470
154
318
883
569
1299
2286
1614
2527
1372
2036
1279
1039
2324
2570
1626
1406
599
2712
2350
748
944
1386
97
978
2600
26
582
839
1105
667
189
354
1001
1250
1797
756
2832
2663
1715
2716
2651
1644
2591
1349
202
1934
573
1832
1816
309
664
1553
2313
1156
282
858
1780
914
2065
462
1868
16
1996
593
1995
1769
1382
1385
959
847
2798
926
874
2314
1690
1232
2020
1055
2207
196
1080
2043
1716
1333
2366
2841
1678
2988
1611
2776
2953
1629
204
1543
1034
1885
299
454
1470
580
879
910
1908
2051
2893
1554
1664
253
1183
1756
432
512
46
2264
481
2057
2817
1277
1653
555
738
697
1768
843
2730
2144
164
1693
9
603
90
2216
1452
2047
2924
952
957
646
92
498
2607
128
1792
2553
2932
744
1919
362
2210
1038
1900
485
2471
1808
1894
2299
2602
2481
34
1450
740
1358
1059
1570
2540
1448
856
2120
627
1923
970
425
2214
2022
466
78
68
1260
1958
221
651
2973
2100
1686
2213
1252
324
1431
137
665
1314
1011
2425
1634
1318
2428
2965
1056
123
1355
2629
98
1612
676
2720
972
1040
845
1442
2883
1562
1421
113
2660
1724
1657
505
2281
1458
1241
1063
1937
1775
2524
1623
407
2290
300
2071
1784
2223
2190
1699
211
2229
2454
1117
88
2679
804
816
1953
2958
182
1420
2227
57
916
2345
1950
2399
635
1795
2568
2199
1952
1506
2521
1379
2517
1051
2762
1076
693
931
496
1965
2166
2262
2040
2569
2318
1846
61
155
2994
2604
765
2573
1826
1834
1120
574
1322
1138
2985
967
2794
607
473
922
323
1924
2633
1192
298
984
32
1987
1383
736
2160
101
2818
1276
773
249
2970
954
1933
596
371
844
983
2740
639
2422
608
1229
1460
2637
433
1053
2736
2554
2806
743
1456
2037
1928
884
1223
242
2435
714
2195
2993
1696
1698
2511
1812
1086
2664
2982
2445
134
2897
23
1097
2002
1855
1852
1287
867
2820
429
150
768
934
2951
305
2456
2077
2732
854
1483
2109
2763
1727
1425
266
1393
2121
2156
710
1781
2903
80
1743
7
955
2288
1742
2507
1547
1407
2880
1315
234
1010
2404
1853
511
2230
629
459
431
2829
1639
1731
1238
31
277
2804
2757
895
1786
1099
700
1603
2310
2474
337
2063
830
758
1427
2052
1617
1860
1504
20
2544
406
929
1983
89
615
388
1090
1882
174
489
67
2236
2694
662
2547
1677
1708
524
1825
1268
1359
2686
1722
2842
3
1464
1903
1871
14
48
2284
953
1141
1419
1364
1343
1827
2725
1600
1108
2000
66
328
1902
2670
1244
1545
2394
2867
1910
862
2415
585
1573
880
146
1465
2407
218
1876
963
139
1175
1204
543
1975
2770
1166
133
2146
231
514
478
918
2492
730
1081
2188
2283
1946
1508
2266
769
1310
1018
185
807
295
1199
1998
2014
1234
320
835
424
1586
2193
135
306
1471
2696
623
2809
157
142
1560
690
199
203
171
2432
1225
2235
1214
73
1356
2444
565
162
1857
370
118
1144
1575
1106
1872
158
2739
1809
2824
2485
1484
1113
2563
1635
1997
971
377
1606
2750
2143
375
1646
516
653
2907
1289
244
226
1892
38
2175
166
1607
1831
911
786
442
1738
2699
2846
461
893
102
1683
1311
1765
750
1707
1789
938
374
2295
590
1307
472
1839
731
994
1794
1130
762
2361
2322
2
2877
310
1197
2301
1487
1774
2234
757
777
1935
1717
1638
327
1521
559
2668
600
2769
2589
1169
1897
1966
368
2878
2412
1190
43
1624
610
1652
2853
1444
2503
2478
2270
2231
2179
2995
1302
890
344
2222
330
2169
784
2906
168
1520
147
1798
518
1627
0
1125
1778
683
2626
611
633
905
2079
2603
2106
2204
764
1179
1339
2657
1642
2201
2899
2430
1219
2185
500
1836
818
2344
2265
1228
2298
27
1363
468
303
2819
451
1854
2149
1127
810
1745
229
2039
143
2863
141
1516
2864
1254
2661
1058
449
2737
1455
2891
65
621
359
1643
1410
2561
1469
2518
2064
2094
2933
1592
1787
1396
613
515
2191
1863
2811
401
311
993
2019
2788
2825
711
1418
2930
813
824
1838
2308
1985
247
2536
2928
977
2612
2617
2450
1766
117
1203
1530
1591
2682
597
372
360
2196
722
2237
1326
2209
770
1760
1529
541
2722
1695
2961
487
1389
2113
2452
1579
2090
94
2785
2086
2038
291
657
1906
1701
2165
1536
1992
1883
1578
815
1791
2912
921
1936
2041
379
2102
60
2059
694
2791
645
1387
1747
2972
1566
2772
417
2133
1132
1750
1810
2835
2644
2321
2667
930
2581
1564
526
2003
2624
340
991
467
397
290
2753
2375
850
179
2974
631
2035
1688
457
2215
1085
2666
1171
2504
2029
808
1408
1362
878
1300
1198
2280
1000
2337
554
1779
1093
1373
532
1590
2515
437
1140
1092
902
2192
1398
682
1974
426
1468
1258
1944
790
2599
1811
2402
791
258
699
1004
2969
2659
1423
387
2616
2103
2101
405
779
1334
1938
378
1881
24
2447
1240
1163
988
1165
1221
1916
2865
2480
254
2392
259
2690
1968
2529
37
747
444
1628
463
2293
2189
581
404
2551
2095
385
1303
2552
2329
2255
1740
2706
2823
907
2164
648
2519
1672
85
1920
1264
1005
1124
2499
222
2901
2239
636
1823
2440
1587
1549
2630
2018
2261
785
2338
2586
1620
366
2378
2861
345
2228
2127
2941
2400
2886
2801
2610
1526
1556
2390
307
2943
1993
212
1017
2455
2087
104
2822
827
207
2967
568
837
2226
220
2457
2837
1160
241
668
2389
252
1896
2246
2271
2859
402
1313
1608
1490
2131
2940
2183
1895
1563
2341
1726
692
2125
752
1977
1294
1369
2793
1157
248
2698
70
1596
1712
704
1178
1128
2174
1814
2608
956
1129
2011
1514
1312
408
504
2025
1414
1133
536
842
908
382
563
316
2336
1338
2567
2330
140
1574
2746
332
448
928
982
2483
575
2351
2171
678
1829
1429
1403
1691
1094
1079
2105
1278
217
960
52
1323
2721
1439
2074
1368
1580
1050
2934
1150
1072
995
2252
2462
2976
1210
2208
885
2268
116
2541
2681
492
2810
1493
1785
336
1189
2964
1211
1601
2027
2205
250
876
715
628
817
453
1205
2648
712
2981
1380
2467
547
1869
