true
true
57
170
5
16
95
240
179
187
301
75
4
329
314
140
200
262
253
160
273
83
216
246
297
288
112
294
17
243
221
1
194
209
52
41
96
183
133
184
330
37
291
60
335
322
33
47
333
3
98
74
242
225
270
336
278
213
30
274
116
8
258
202
271
107
311
149
235
125
321
79
303
90
99
272
286
283
324
85
126
117
15
204
186
299
266
308
210
122
282
26
219
245
120
66
300
345
252
207
69
211
165
87
218
236
226
181
319
193
93
106
244
168
13
130
35
25
313
280
72
51
201
191
304
220
323
10
257
147
182
156
70
46
284
264
289
27
111
43
124
44
208
228
54
73
265
141
131
325
171
239
63
162
263
9
150
190
108
48
88
89
157
234
199
320
287
203
163
139
142
229
71
251
290
198
302
104
196
158
24
103
276
32
279
92
192
173
285
331
172
136
80
161
295
34
260
20
28
113
138
148