true
true
4295897639
4295899207
5061208560
4295915628
4295894799
5042259727
5045390794
5000704362
4296454873
4295859396
4297425009
4295868157
4295869130
4295895044
5067161640
4297460680
5040697296
4296474229
5056602017
4295861120
4295901599
4298163212
4297683936
4296373105
5052542368
5040257024
4295889892
4295867506
4295890594
4295898786
5038059978
4298010037
5000156210
5057777149
4296482208
4297422166
4295866603
5055435315
4295890673
5000590837
5073156222
5000062056
5045517379
4295914341
4295906306
4297676526
5037627186
4295914322
4295884506
4295901424
4298292480
4295907968
4296122434
4297223491
4295873443
5000866630
5035938233
5000068970
4295866257
4295904718
4295880494
4295883014
4297977453
4295867367
4295913764
4295884546
4295902499
4295903176
4295884321
5063741945
5044523362
4295905298
4295886615
5000180282
5004772722
4297927666
4295882288
4295904165
4295871025
4295897830
4297023859
4295891357
4295869543
4298463418
4295912097
5000111546
4295907402
5000448942
4295890823
5000587859
4298008784
4296603506
5044006527
5000012981
5000935285
4295880577
4296393500
5000474462
4297014730
4295884288
4295904472
4295898181
5044315190
4295877489
4295894676
5056414537
4298424328
4295890779
5037448287
5037450527
5016047446
4295903820
5067950713
4295905181
5041979475
4295906086
5000024706
4295894996
5039844145
5000445860
5001195975
5067949117
4295912023
5035927473
5043461948
5064660780
5001172992
4297173259
5040956294
4296373211
4295912702
4295873184
4295865833
4298069262
4295990823
5000456188
5019896138
4295859972
4295890710
5043462703
5057737104
4297935771
4295856141
5059068064
4295915928
4297764280
4295890653
5046390586
5061034036
4296064151
5001437767
5000636618
4295905573
4298410015
5000987636
4295903355
5068315139
4295892711
4295872186
5000480030
4295908660
5040692368
4295887034
5000069206
5000640690
5000039946
4295989612
4295889873
5064650628
4295891425
4298014854
4295862819
4295914493
4295873204
4295902655
4295868081
4297498547
4297884814
4295867411
4295877357
4295869260
4295869671
5057937478
4297267897
4295903783
4295904307
5066572571
5045371166
5052794556
4295880309
5000661692
5040953896
4296404914
4295905332
5046659565
4298338325
5000388033
5000849242
5000050143
4298487609
4295904620
4295894564
4295875564
4296088639
4295875731
4295874775
5000033354
4296337081
4295976161
4297931639
5000437235
4295862421
5036761752
4298217651
4295861317
4295867368
5037433743
5057938469
4297864562
5060538972
5035467503
5000869179
5054883646
4295906241
5000680007
5052523960
5037586466
5000185773
4298270450
5063729268
5000691897
4295876258
4295865911
4296290231
5036199903
5000799441
4295887138
4295884717
4297253775
4298142773
5000721709
5001436308
4295903892
4295903169
5000072037
5046059430
4295894326
5046437086
4295894762
5001180842
4297216679
5000071825
4295867372
4295881078
4296192102
4295904788
4295903068
4295872504
4295859326
4295862531
4295876068
4295884202
4295889511
4295903462
5037632065
4295869662
4295899733
5074010827
4295870171
4296665593
4296947940
4295897786
5000722311
5000741507
5052153996
4295867263
4295875045
5003632611
4295865062
5000783666
4298485319
5000405369
4295859739
5000437278
4295889521
4297674642
4296540346
4295881908
4295871682
4295904494
5000784801
5044207304
4295888681
4295883548
5065317761
4296719979
5049106857
5000479114
5064690523
4295914696
5000010707
4295913751
4295963865
5038054958
4295913359
4295912319
5036161510
4296604851
5052142624
4295910595
5000004975
5044099657
4296025949
5000845871
4298052508
5047820421
5031255925
4296288112
4295890022
4295887317
4295881154
5043315888
5051625825
4295907254
5000596403
5000821305
5052163644
5021792649
4296901909
5045512328
4295915611
4296449856
4296438030
4295912648
5036761033
4295905057
5000347376
4297195198
5052794930
5050923176
4296597489
5040201850
5063315621
5034770833
4295912104
4295901963
4296021200
5040046120
5000254473
4295889280
4297554863
4295883382
4295886337
4297866296
4297600524
4295904318
4295904019
4295893846
4295900333
5000090594
4295899986
5037242956
4295865537
4295860591
5037036359
4295899395
5052134790
4297304759
4295875766
4295911035
4298008643
4295857707
4295877094
4297030140
5046660936
4296356166
4297632100
4295884891
5000615925
4295888575
4297887090
4296151933
4295899787
4295868248
4295905108
4295902603
4296383626
5071526865
4295894732
5000073706
4295865469
4295880584
5042944369
4296992313
4295889287
5035394679
5045818204
4295888632
5000023486
5000040917
4295856130
4298008742
4295910977
5051782479
4295870779
5038066492
4295890190
4297348198
5037122192
5035545423
4295904038
5043342310
5044028562
5036165368
5040954052
4295873612
4295866433
4295880875
5000653475
4295895665
4295896438
4295905130
4295866315
4295899440
4295912225
4298152478
5046654827
4297736548
5001078762
4295913633
5044030226
4297598428
4295894476
4298538029
5050989509
5000601423
5000038554
4295859007
4295858844
5039145127
4298156782
4295868681
4295902119
4298111679
5040952859
4298155361
5000825889
4296468188
4296726890
4295890473
5000701155
5000746975
8589934275
5036190713
4295859236
4297644584
5035308081
5063738211
5062453595
5042216681
5001183982
4295890124
5052541224
4295918551
5036772441
5035085445
4296045294
4297630586
5068780816
5046390208
4296745041
5042953363
4295873421
4295914055
5040262333
5000037389
5043337560
5021081579
5003644791
5039924917
4295869754
4296440647
5000751028
4297598700
4295887411
4297629704
4297009143
5036354883
4296610781
4295903602
5044009027
4295896421
4296552071
5000055624
5079216932
4295906830
5000062533
4295885529
4295897326
4295869983
5000051230
4295915491
4295867220
5061186409
4295869718
5037958512
4295864961
4295864531
5071527038
4297878446
5000000933
4295903908
5000018695
4295869269
4296134360
4295896916
5043601362
4295911999
4297197647
4295904896
5001216168
5000431525
5054407586
4295859376
5035455597
5040950687
5046305308
4295875513
4295859504
4295902551
5000623508
4295856299
4295885039
4295905088
4296013030
4295866221
4296316202
4295900348
5048557083
4295890475
4295894904
4295887098
4295879109
8589934305
5037433929
4295906573
4297613688
4295890156
4295884728
4295890008
4298199662
4295866494
4295859279
5037940824
4296646210
4295890327
4298158412
4296758106
5057771033
4295911705
5036653793
5046624728
5000934453
5041983224
4295899244
5000018278
4295901501
4295906807
4298215541
5038040999
5035156519
5046039105
4295877355
4296726654
5035166483
4295914059
4298166560
5044787448
4295859841
5035413210
4295904825
4295890931
4295873486
5000704050
4295905060
4295899669
5000771393
5000644263
4295866339
4297802045
5000600179
4295904063
4295874692
5001024524
5068477440
4296094930
4298156931
4297675239
4297838237
4295902706
4295895205
4297133648
5050266576
4297904822
5035390968
4297894002
5038910363
5042943506
4295865576
4296348736
4295856048
4295885657
4295907896
5041073640
4295893827
4295904782
4298158649
4295891081
4298039025
4296482541
4295903619
4295894725
5045867137
5000694617
4295895717
4295889563
4295902864
4296121468
4295858704
5055463242
4295880925
4295902841
4295907807
5068339229
4295888504
5064611861
4295912155
4296819906
4295896475
4298219207
4295859347
5037355555
4295889432
5036194485
4295870111
4296726973
4295875799
4295913508
4295880996
4295912284
4298321885
4295911976
5047872421
5057439011
4297758825
4296121199
4298361548
5036398194
4295882985
5000026125
4295943298
4297708155
4295868215
4295918450
4297157956
5000700830
4295859134
5050710924
5035931913
4295904648
5003587332
4296045339
5037247217
5000845262
5035905719
4295911969
5061332840
5038075213
4295878227
4296576655
4297808425
5000485233
4295907768
4295856624
5037932217
4295897579
5001218753
4295522507
4295884931
4295904406
5000763951
5040250145
5035414782
4296074172
4295938600
4295872605
4295915633
4295908139
4297026748
4295887102
4295868223
5001421913
4295887850
5000684081
5042258681
4295872275
4297626627
4298236211
5037247830
5050989391
5037349589
4297993962
4296603683
5050640369
5000389456
5000715270
5063718703
5043319761
4295894857
4295884333
4295903592
4295872393
4295890543
5051767913
5009425452
4295903017
5000844920
4296836240
4295916199
4295912336
5001228646
4295956040
4298524503
5035939674
4297933204
4297050701
5043319456
4295894916
4295889513
4295889486
5000008115
4295883100
5000795447
4295863289
4296841975
5000075620
4295885016
5037638327
4296471926
4297065001
5001169025
5037992291
5034898379
4296381247
5046868394
4295872971
4295894786
5001086167
5000698227
4295907922
4295903052
4296790654
4295877369
4295908558
4295902906
5037948458
5037363389
5050901962
5000061087
4295873511
4295884721
4297297477
4295905566
5037347019
4297960205
4295884478
4296400350
5001199437
4295890904
5037953494
4296695796
4295864149
4298041033
5035902593
4295894416
4297039174
4295890351
5001440035
4295856173
4297289471
4296920976
4295890536
4296740030
4295899027
4298030146
4296633085
4298009906
4295891504
4295906779
4295903377
4296991438
4295857514
4295863327
5000040066
4295866466
4295870792
4295859633
5000073739
5000627265
4295884284
5055941534
4296466265
4296147543
5058529054
4297704557
4296170613
5000113318
4295908336
4295902738
5000451167
4296849751
4295866480
4296863787
4295866802
5000041150
4295896184
4295895587
4296363427
5041978537
4295913731
4295900389
4298054798
4295904138
5051398977
4295905583
5000052635
5000074606
5001165286
5017976520
4295907269
4295896095
4297037336
4296757955
4297558057
4295890024
4295869467
4297093922
5000661021
5037143593
4295858622
4295885693
4295886466
4296343109
4295964354
5001182687
5000119629
4295903515
4295858334
4295867424
4295899625
5036775571
4295857174
5040929809
4296760890
4295907244
4296835432
4295881024
5000724903
4295904207
5000944028
4298455044
4295869903
5000004479
4295867374
4295866436
5000663210
4295912040
5042958170
4295876951
4295859596
4296820812
4296650093
5000290074
4295873714
5066542386
4295906664
4298305589
5000777969
4298365362
5040950076
5051394530
5000072269
4295908448
5051045063
5001107185
4295890631
4297248051
4295905833
5053940864
4295898962
4295900173
4295871887
5047641169
4296376243
4295902257
4297179581
5000101840
5052962583
4295866751
4295885738
5071526508
4295873341
5000667793
5000066483
4295894647
4295903115
5037845636
5000026056
5056980496
5000250079
4298519580
4295895244
4295903678
4295856620
5000008013
4298163629
5000437105
4298206603
5039586441
5035460919
5039983760
4295860040
5079238992
4295867927
4295894137
4296945111
4298065353
4298007715
5000209442
4295865947
4295895971
5000591498
4296728273
4295884738
5067952090
4298422024
4295989752
4297330463
5053126625
5064612761
5001281505
4295904482
4295904048
4297684579
5001140119
5040045482
4295884627
4297888839
5060559444
4295906449
5031181460
4295896208
5035524943
4296390050
4295886936
5037944539
4295890003
8589934328
4295867483
4297886791
4295883040
4297026556
4295884661
4295889791
5052536735
5037316356
4295881247
4295903126
4295892162
5036229771
4298297703
4296689434
5000458553
5050725477
5067842678
4295890511
4297832422
4296416198
4295858523
4295869083
5042212476
5035714862
4295903890
5035525738
5052795164
5000792624
4297878852
4298036427
5000066884
4295859490
4295914878
4296995093
4297205259
4295859725
4295906748
4296422658
5000012458
4295859856
4295873529
4296653805
4296239710
5000746009
5037056922
5074015493
5050277215
4295896494
4295866871
4295890361
5050698408
4295896219
5000034529
5000278214
8589934339
5038065277
4295650441
4297735520
5037351941
4296072139
4295895196
4295869472
5000369732
4295865181
5038909029
5033561415
4295898736
5070509897
4297599343
4295880075
5040699189
5000667749
4295912249
5037137040
4295993262
4295955097
4295866401
4295908010
4295869259
4297914575
4295866353
4296126108
5000135440
4298266353
4295867514
5045225489
5039079335
4295859031
4295867386
4295873594
4295866610
4296797169
4295904116
4295880946
4296238495
4295871068
4295903755
4295864484
4295940206
5000494103
5051791783
5042943790
5000035131
5000809165
4295917896
4295886908
4295864274
4296685035
5057831617
4295904722
5001224698
4295885516
5001188282
5035094814
4295872412
4295902449
5040172351
5079697919
4295867394
4295856781
4295886938
4297553268
5000763103
5037658915
5044339763
5040791035
5000125521
5035966246
5000014741
4295898160
4295888033
5001394374
5000715995
4295901514
5036199022
4295887032
4295971585
4295905337
4296301199
4296215370
5039194221
5000055864
5051097621
5034837851
4295882785
4295897596
5052137767
5001438555
5037631124
4295903289
5038079425
5040791332
4295900363
4296564940
4295895741
4296331229
4295913625
4295905634
5037432493
4296713193
4295894627
4295892788
5000044993
4296676381
5000004654
4295908615
5001430361
4297775216
5056980284
5046707762
5039599153
4295906994
4295968965
5035428112
5046039470
4295860786
5000000011
4295903422
8589934312
4296077614
4298457978
4295908016
4297772022
5001438511
4295869354
4297005770
4295904901
4295863482
4295883593
5076388984
5036371547
4295885385
4298105828
4295894968
5001395754
4295889996
4295890218
5000051106
5033562382
5041750795
5046439717
4295875177
5067494560
4295876894
4298146400
4295907981
5001403999
4298157367
5040253380
5051387035
4295864167
4297850579
5037477896
5000074393
4296064109
5000006186
4295895476
4295869561
4297577592
4296298229
4295904357
4295906709
5036785195
5064608221
5000658492
4296359510
5053433421
4297057843
4295899099
5000621914
4297698313
5000089102
5000612259
5001215612
4295864860
4298293797
4296278222
4295864546
5036885538
4295879950
4295857641
4295896661
4295914097
8589934254
4295885417
5000915326
5001201525
4295904835
4295903178
4295888098
4295875673
5030853586
4295907792
5000694294
4295885731
5037747774
5000010930
5037948310
4295915674
4297187762
5037837289
5054883867
4295962086
4296546916
5041978269
4295911984
4295862596
5000456794
5040049273
4297892134
4295892089
5035313833
4295902055
4295903853
4295893562
4296719741
4295890370
4297733932
4295903923
5000042454
4295875726
5000014363
5010778369
5009967453
4295889096
4295899021
4297769928
4295859071
4295900382
4295895712
5037352154
4295903076
4295911050
4295857847
4298533765
4295861159
5000057425
4297915223
4298203720
4295907706
5000069094
5064575725
4295899517
4295903896
4295861491
5042231206
5040697970
5021202658
4296549729
4298148528
5038068388
4295881084
4295880393
4295946327
4295894182
5060528924
5015028298
4295893914
5000061606
4295866862
4298050238
4295889415
4295890400
5000689867
4295889577
4295897408
5036348172
5001167004
4295900973
5076899332
5000740801
4295908521
4297533128
4295907454
4295993564
5055949356
5037062385
4297710733
4295949984
5036894248
5039114007
4295908720
4297812487
4297965855
5035774022
4295870097
4295910031
5042228551
4297475334
4295894098
5035083877
5034758639
4295896675
4295860700
4297145396
4295890713
5000066955
5035300964
5044095778
4295886018
5045248452
4295901644
5055801923
4297624150
5038070813
4297908020
4295875798
4295878841
4296963573
5000049965
4296818792
4295890299
5000040366
5035092887
5000255455
4296031467
5056702528
4296215039
4295899094
5038079961
4295872611
4297412378
4295917743
4295872618
4295995062
4295867571
4296315738
5000687487
4297319912
4295889745
5057443242
4295908701
5035168365
4295866545
4298122120
4298009982
4295899311
4295895874
4295868255
4298052496
4295890243
4295869244
4295894493
4295882010
5000049504
5057950164
4295884971
4298444777
5000445691
5073086312
5057763256
5000233253
4295875407
5000433087
5034843311
4295914572
4296642676
5001206358
5000735940
4295904886
4298031452
4298338228
4297934622
4295902674
4295875035
4295868979
5000738383
4295902979
5000053530
5000037415
4295872346
4297247461
4295866885
4295915385
5080018867
4295912543
4297185631
5045823487
4295976599
5000444997
4295901413
4297263157
4298052352
4295894727
4297230348
5051398926
5053941080
5048904025
4295913786
5057757046
5000623718
4295874900
4295872427
5045391056
5037430696
5057818536
4296093076
4295905166
5035743622
4295903693
4296374431
4295889602
5000176286
4295880332
4295907644
4298197111
4298475354
4297112614
4298014978
5043416261
5037992130
5000057716
4295873160
4296365096
5037343840
4295863999
4297646243
4295859381
4298457914
4295869506
5037358321
4297082900
4295900476
4295902158
4295867205
4295864455
4295877797
5044339809
5043906036
4295862452
4296783204
4296913437
4295872392
5000451252
4295867261
5044196082
4295898231
4295905957
5037139745
4295871670
5064623101
5036426400
4298156879
5001429496
5017270580
5070505881
4295866607
4297162195
5047644454
4295874580
5040925387
5044026458
4295904335
4295895030
4297601277
4297031910
5000604622
4295884983
5000127627
5037339838
4296427108
4295907009
4295887127
4295866474
4295857492
4295903051
4295906353
5037363608
4295877341
4297260758
5000057989
4296767433
5061949398
4295903195
4295865124
5040056493
5071499918
4295905105
4295894176
4297062764
4298337778
4297366065
4295872161
5037133783
4296869343
4295900024
4295857935
4297160277
5037474235
5046056528
4296593464
4296767269
5036226797
4297406621
5000782866
4295861591
4295862576
5040050334
4295858721
5037651663
4298444109
4295904946
5037840579
4295928959
4297507379
4298014283
5040276306
4297402691
4295859763
4295868275
4295859106
4295903920
5039650639
4295908075
5058967754
4297993025
5042256237
5050308061
4295867456
4295894824
5000890083
4295886906
4295875124
4295893471
4295903472
4295875165
5001400697
4295874952
4295856055
4295860745
4295908186
5045821514
4295875180
4295915653
4295884672
4295907119
4295908242
5050279337
4295866057
4295897987
4295903398
5046039540
5000144489
4297544774
4295887812
4297318376
4295859319
4295884874
4295867015
4295885547
4296056029
4295896619
4295866521
4295872979
5035546503
4295894756
4295890020
4295886834
4295969037
4295907043
5001427347
5000011221
4298323884
4297252469
5000737435
4295864325
5000072277
4295860600
4295908622
4295867349
4295902520
4298007752
5059963032
5080029869
4295887114
5036394616
4295905851
4297783788
4298358877
4295862805
5037248850
4295867473
4295863153
4295869187
4295902987
5000770897
5079904210
4296091924
5000843338
4295889821
5000074124
5039616175
4295902800
5038039248
4296735014
4297104843
5000005070
4298272523
5000891646
4295895145
4296949391
4295868957
4298444676
5000708748
4295871855
4297568283
5038039445
5007707965
4298205653
4298052255
4295903049
5055123241
4295895023
5052526953
4298014982
4295908600
5000020433
5052789544
4295877415
4297647723
4297642723
5057940598
5048024352
4295895028
4295867331
4295907568
4298424329
4295897438
4295879813
4296018538
5000154273
5065326281
4298412299
4297214127
5050308922
4296121445
4298497340
5001064734
5052025033
4295861243
4296691816
4295877937
4298313842
4295907446
5037960303
5000967008
4295866259
4295894770
4295869114
4295860111
5079690831
4298036152
4296668958
5068485821
5001297030
4297340434
4295895258
5001225451
4295905973
4296844640
4295906583
5035418654
5050948037
5047441816
5046711465
4295894092
4295866111
4295900666
4296202147
4295908500
4295880095
5000058042
4295905054
4297739327
5035546723
8589934227
4295903207
4295910016
4295898971
4295896623
4298008871
4295889506
5044007634
4296273681
5037456309
5044066446
5067178937
4295858772
5035525689
4295872022
5040241774
4295907684
4297976129
4295861773
4295915809
4296913770
5046048089
5020794687
4295885713
4296904058
5035550168
5000068999
4296608200
5038907875
4296887173
4295904686
5000175143
5068331895
5081167787
5034752356
4295908504
4295897623
4296065447
4295904118
4295886560
5051008809
5046959468
5034788503
4296807565
4298463071
4296008750
4297985894
5034174397
4295891691
4295915331
5000017069
4295907309
5000462823
5056387746
4295869167
4297870003
4295902326
5034904043
4295859051
4296562349
4295873497
4295877908
4296695079
4295867428
4295889139
4295903741
4295912282
5000064208
5039879650
4295915832
5046317940
4295890335
5059028552
4296091527
4295935378
4295895427
4296405081
4295900293
4298041463
5037648234
4296722947
4295887487
4295885704
4295912132
4295896995
4295868150
5000861521
4295861148
4297804675
4295894669
5000890508
4295914874
4295866970
4295895187
5037100913
4295890764
5000759495
4296995090
5035306021
4297329846
4295869785
4296177203
4297267131
4296951986
4295866396
4295869182
5000432820
5035705061
5000402845
4295907778
4295902939
5001334839
5000009109
4295880409
4295882591
4295907333
4295901852
4297384194
5045853118
5068319826
5043463814
5079221808
4295908158
4296616463
4295914268
5000680359
4298484799
4296296314
5037942622
4295907752
5000215950
4297911712
4295915677
4298491670
4295861516
4295904966
5038035484
4295863353
4295867362
5000588490
5000258949
5034763261
4295899053
4295863118
4295914754
8589934314
4295867377
4297925680
4298133676
5000056249
4295891102
4295870332
4295867384
4298007872
4295904414
4295856489
4296736274
5000629076
5000043625
4298365042
4295873543
5008426632
4296718376
4295903531
5066558765
4295867555
4295899571
4295894791
4295915818
4295905361
4295907071
5001300283
4295886571
4296381540
4295907908
5000034567
4295856855
4295894507
4295861482
5000236068
4295887677
4295915667
5039190104
4295899921
5035945261
4296403172
5037452759
4295898735
4295907858
4295897705
4295862324
4295884344
5001450339
5038910332
4298009916
4297023247
4298015178
4297644900
4298339385
4295890412
4295886418
4295862323
4295905750
4295870068
5040058769
5001206438
4295869210
4295912660
4295862002
4295861743
4298221730
4298459348
4295908502
5000707328
4295868678
4295898951
5000683606
8589934289
4295889865
5000055065
4295876311
4295869952
4295880116
4296858442
5037456341
5000470887
8589934326
4296030389
4295910131
4296569550
5000108368
4295896303
4295869901
4297721792
5037968085
4296651674
4295904450
4296824385
5044176424
4295878958
4296648540
4295900027
4295863892
4297272438
4296340671
5035755697
5066588387
4295903877
4295866391
4295997898
5001681147
4295884743
4298025334
4295872801
5000002366
5040706141
4298204106
5037343656
5037844900
5050702778
5043439786
4295890660
4298336048
4298159457
5056412292
4297604031
4296253209
4296843828
5040240640
4295915699
4295864094
5046039618
5019356507
4295905433
4295869742
5034762856
4295994150
5050714881
5055937186
4295899430
4297393065
5079235196
4296785728
5042260712
4298520802
5001437102
4295861697
5045763586
4298521106
5073622784
4295859577
5000056385
4298365629
4295858505
4295866806
5044797545
5067485877
4297350707
5061034199
4295905908
4295912121
4296999026
4298432362
4295904976
4295877528
5045849327
5000948042
4295898264
5000450135
4295914983
5015294239
4296367942
4295860623
4296713288
5035150131
4295890395
4295877428
4298435622
4295868617
5000001291
5050709060
4295859621
5001103467
4295860519
4296372787
4295895403
5071568357
5055407291
4295908314
4295885689
4298488398
4295871291
4298025305
4296009723
4295894784
4298365016
5037928699
4296530638
4295913863
5037137919
4295869515
4295896281
5000614729
4295861059
5040793796
5000363587
4295874202
5001190439
4295912041
5000884596
4295884897
5039613100
5000675483
4296602160
4295899948
4295903586
5037616816
4298517666
4295875443
4297248275
4295899462
5000001629
4295869227
4295912530
4295992566
4297398343
4295903494
4295862174
4296673232
4296264733
4295866723
5037450750
5050273032
4295981622
4295866387
4297823400
4297125150
4295876915
4296783237
4295894660
4295890085
4295873455
5046278162
4295858578
5041072349
4298024660
4295890254
5001815447
5021898555
4295875577
4298451125
4296367700
5001212217
5000779054
5000070839
4295869049
4295903265
4296098759
5000061807
4295873202
4295877302
4296682724
4298548174
4296113914
4295868420
4296913371
5001097498
4295912320
5051609461
5045988724
4296042793
4295856627
4295895256
5037435560
4295868038
4296691948
5040703474
5046707555
4295866725
4296367941
4295866490
5000520579
4295881824
4295903875
5000038896
4296419010
5040931171
4298004301
4295904340
5082425138
5042943855
4295907629
4296610484
4297075730
4295866533
5035757736
5035556084
5000040440
8589934542
4295911051
4296048428
5000001799
5074784463
4295914761
4295905135
4295913732
4296044719
4295904982
5051786820
5037357740
5035154255
5040054995
4295860381
4295867872
5000004652
5000472497
4295956252
5034796348
4295884511
4295905786
5041064571
5035399023
5040145126
4295907310
4296752645
4296865551
4297254047
4296127407
4295875516
5044270527
4295895409
5073960860
5071169675
4295902222
4295886222
4295866459
4295895818
5037651349
5040203428
5001391796
5003664179
5000793693
4295858460
4297732914
5000907245
4295856983
5050473034
4298338355
5000066221
5000799571
5001121384
4295864818
4297065669
5051758300
5036232960
5029074550
4298324043
5045904126
5042259357
4296587884
5001114876
5060922193
5000036379
4295907233
4295895714
4295867366
4295904446
5000605295
5038034406
4295903204
4297931702
4295904692
4295866012
5043334606
4295890521
4295893653
4295906238
4295907543
5072823543
4295899791
5050715547
4296242896
4296300285
5000007840
5040041796
4298321601
4295871939
4295868725
4296622362
5046712955
5000039682
4295895414
4295897632
5053438925
4295862840
5037645158
4295881619
5042943443
4295880570
4295872490
4295877060
4296356161
4296195258
4295903239
5000727652
5081404411
4295903026
4296202140
4295894743
5040250443
5043336408
4295869123
4295887178
4298157530
4296065837
4295862380
5034916531
5000418186
4295898151
5035462439
4295880605
4295892850
4298141895
5000483523
5000272337
4295907621
4295903830
4295899290
5040208467
4295899008
4295890178
4296963658
4295899785
4295890739
4298324776
4295905082
4295894587
5040265867
5000018414
5053439229
4295867509
5057934391
4296072739
4295884730
5037850179
5038056692
4298014939
5063729103
4295875182
4295875616
5001428439
4296570444
4295880391
5044096807
4295856964
5036767200
5000456372
4295862571
5074124201
4295862674
4295908368
4295866186
4295903067
4295862792
4296775948
5037929447
4295866518
5000006765
5055675169
5000430363
4295862377
5000026352
5037459726
4295863310
4295951037
5001196810
4295905431
5040041143
4295908523
4295876952
5044174330
5000214260
5000063237
4295869217
4295905617
5035429664
5000030405
5000172938
4297203470
4295882081
5000050140
5037365094
4295905064
4295904557
5000619007
5048323561
4295862460
5050705971
4295905947
4295890339
4296989482
5003273089
4295863067
5037434517
4298361900
5000034571
4296172324
5000708211
5046059233
4295900031
5059041162
4295995754
4295913981
4295875291
4295901825
4295888025
5059998878
5001109793
4295894149
4295866940
4295906879
5036352903
4295856053
5001205002
4295899801
5003188842
5038915059
5001183972
5035256887
4295869214
5037132048
5044031902
5045065539
5000024733
5000030355
5001367919
4295864122
4296764886
4295915324
5057829986
5072830260
4296050422
4295888187
4295903567
5001621500
5059004811
4295865910
4295894282
4296669200
4295904374
4296547047
4295870063
4298159750
4296833397
5000648437
5036759075
5000005360
5039936235
4295859844
5050265347
4295873648
5051770125
5058606633
4295915801
4298359019
5042944844
5067844252
4296159682
4297672096
4295899551
5052135332
5035166860
4295880543
4295894191
4298469067
4298411935
4295903461
5000193370
4295875411
4295902402
5001099343
4297213141
4295904368
4295890262
4295895858
4295875633
4296716576
4295907165
5001160570
4295885750
4295866149
4295903939
4295869786
4296868919
5035256174
4298160150
4297651536
4296135660
4295858014
5001150119
4295875842
4295896216
5071485741
4295858439
4295866888
5046711985
5034819398
5001450965
5036224059
4297278257
4298467780
4298207986
4296654928
5040232226
4295892925
4297558006
5000946530
4296835537
5001430875
4296901934
4295890576
4296871372
4295893576
5000003748
4296327969
5000187411
5035166288
4295905288
4297093660
4295866566
5000683649
5040251213
5037850765
4295890627
5034758962
4295890588
5035877582
4295861869
5036373812
4295887053
5001251322
4295882062
4295877318
5068469642
4295884859
5041077571
4295866131
4295890628
4297366394
5045068262
5039147047
4295983805
4295903753
4296976080
5043321284
5000787771
4295880644
4297883285
4298073233
5037474010
4295885485
4295900556
5045506845
4298109063
4295884692
4295898967
4295905637
4296685340
4297289967
5057515075
4295888592
4295860659
4295875399
5063776200
4296343129
5035095885
4295858396
5046297721
4298465475
4296146017
4295912046
5057817278
4295894497
5000098388
4295937134
4295913397
5037129162
5037277391
4296658618
4298436884
4296877755
5000668799
5000637032
4295907056
5044006442
5043344483
4296325663
4297825249
4295913894
5037659154
4295882829
5058158058
4297643511
4296512881
4295861769
4296388820
4295875288
4295875346
4297191140
5001057925
4298007131
4296633910
4295885708
4295881132
5041064108
4295898751
4295891739
4295866302
5044171680
4296392574
5035738422
5036780330
5066628109
5042236405
4296954915
4298549299
4295884308
4295903254
5041081550
5040792873
4298500369
4297252379
4298159870
4295858586
4297706549
4295866771
5056394580
5037347157
4295856742
4296340007
5065974123
4296450943
4295868029
5000238301
4295903838
4295913006
4296384257
5039105932
4296853214
4295881034
4298157900
4297747739
5000806163
4297634877
5000061603
4295859598
4298129753
4295860814
5069404555
4295868552
5037653855
5070761092
4295866813
4295890265
4295910585
4295861173
4296665734
4297828175
4295897959
5042935302
5044065198
8589934563
5000018286
4295868520
5000656018
5000031994
5035396310
5001438227
4295890182
5040209156
5000049627
5043416888
4295862965
5000714889
4295914077
5037652099
4295871412
5042944033
4296602769
4295860948
4295910005
4295862020
4296694457
5000654014
4295906179
5021614464
4296197135
4296891121
4296740944
4295861528
5000828394
4295868264
4295890875
4295912253
5000006516
4295907012
4295908396
5056435379
5001639386
5000587675
4295881588
5037845797
5061192369
4297571030
4295868416
4295868250
4296888599
5046274429
5000091323
5000432721
5031889023
5037442981
5000052904
4295875863
5001218491
5000483496
4295858552
5046037250
4296668475
4297291910
4298142615
5059075899
4295881489
5040950368
4295871135
5038914175
4298174140
4295893512
5040195331
4296948764
4295904633
5000227152
4298250539
5045067860
4297759905
5004746334
4295898944
4298531507
5042212888
5000056001
4295863430
4295903740
5076162151
4295933384
4295860981
4298052377
5035418326
4295894877
4295863217
4295902506
5066558455
5000062813
4295897363
4296029157
4295870731
4295859790
4295897673
4297551108
4295875459
4298318745
4295891500
5024531493
5040437677
4298095779
4295867415
4295914157
5035096337
5055463506
5057937629
4296155775
5040271210
4298009308
5045853804
4298009606
4295866035
4295908195
4295898934
5038913686
5050312107
4295872449
5066606298
4295866829
4297927148
4296319896
5000348785
5081386755
4297033847
5000103308
4295883974
4298421564
5063312935
5055475775
4295896503
5062458687
4296438979
4298052285
4295875072
4295862991
4296920438
4295908337
4295903247
4295860771
4296101611
4295906783
5060592373
5037654614
4295894391
5035730239
5000068201
8589934167
4296374349
4295915855
4295907509
5062049533
5037265920
5044505542
5044364482
4295865240
4295897405
4295872691
4296670182
5000060411
4295889298
4297400502
5000013139
4295899797
5001122976
4295895031
4297794508
4295898588
4295887179
4295906251
4298296136
4295885687
5039732185
5039035626
4295907634
4297460551
4295872696
4296739148
4295869860
4296929230
4295885561
5067839665
4295856795
4297547964
5000144454
5024485424
4296570282
5047641305
5037614167
4296973711
4298261417
5059068267
4295890743
4295885367
4295890236
4295884869
4296572153
5037281365
8589934550
5000115851
4295863951
5038989359
4295906595
4298208308
5001226956
4295901009
4297391967
4295875148
4295887170
4298015114
5047103959
4295857989
4295859389
4295904608
4296731841
4297406541
4295891078
4296066078
5063095579
4295903508
4295897799
4297653215
4297697115
4295890532
5041082821
4297700798
5064638054
5076360107
4295911314
4295875158
4295897802
5042932770
4295868896
5041755459
5076918157
5071504390
4295886071
4295906986
4297068349
4295899337
5001080301
4295880552
5051001722
4298493330
4298459657
4296672075
4295860642
5000113902
5000217415
5045518012
4295941945
4295898700
4295904570
5035757224
4297416812
4295880559
4295895732
4295869645
4298160473
4295857825
5000788031
5040194787
4298464085
5058999384
5000030891
4295909030
5000067632
5000629028
4297003862
4295891304
5050720409
4295890197
4295875832
5044365006
4295857398
4296633209
4295921565
4295860645
4296252307
4295885579
4295878269
4296252051
4295874155
5000071379
4295869238
4298546138
