146
121
230
39
291
288
32
218
134
299
253
202
116
99
9
92
190
280
64
278
103
113
15
165
88
125
323
27
60
79
168
228
131
179
234
198
5
246
69
221
66
252
160
211
87
37
203
274
279
105
94
80
122
207
158
225
273
336
156
124
322
70
74
136
117
289
178
127
213
242
174
19
148
163
107
321
172
294
188
0
301
282
314
34
36
93
208
316
142
25
325
199
140
345
48
196
351
343
16
329
380
13
335
83
3
191
304
162
75
284
43
320
276
28
271
263
89
366
181
266
245
138
175
183
244
193
157
18
324
187
201
73
285
130
240
106
313
167
161
17
82
38
297
229
226
24
406
333
57
286
96
311
237
265
52
2
149
236
258
331
330
300
97
192
173
150
239
35
147
26
108
141
194
44
290
72
12
98
8
11
120
308
33
30
319
21
257
4
133
264
171
248
209
47
71
176
251
46
114
90
262
256
260
63
275
200
302
104
417
204
78
182
56
283
243
10
220
235
20
185
170
112
126
303
223
118
216
272
184
287
111
139
85
51
41
270
1
210
95
186
54
295
219
