True
False
4296671658
4295899440
4295890710
5000034529
4296618016
5038065277
5056980496
5079690831
5035918635
4297402691
5035756576
4296709154
4295899966
5000687487
4295899717
5017270580
4295864325
5040957575
4296253209
5037968085
4297904791
4295911314
8589934312
4296382491
5036232960
5056387746
5000013139
4295886571
5046724435
4295903783
4295877355
4295887114
4296562491
4295862819
4295903841
4296315738
4295894727
4295894476
5050702935
4296730041
4295866522
4297732914
4296497965
5000866274
5067936754
5000746975
4295877361
4295876746
4295861243
4295890543
5000683606
4295872661
4295890612
4295867044
4295871291
4295869952
5045136428
4295898962
5035845048
4295868416
5000661021
5074124201
5064650628
5035458824
5000948042
5000779054
4298159943
5037277001
4298412299
4295885551
5051773121
4295888025
4295899801
4295880605
5046625594
4295899946
5055475912
5042940044
4295912211
8589934275
4295910005
5000480402
4298449570
4295875673
4295903098
5000637032
4295866391
5052505481
4295869901
4295883130
5036164412
5000625303
4295858544
4295904309
4295872671
5035306138
4297700798
4296363427
4295863482
4297425009
4297838237
5000020433
5001334839
4295903182
5037351993
4296836240
4296466265
4295905466
4295883138
4295870093
5038049782
5000492303
4295914874
4297393065
4296990441
4295889333
4295862792
5046624609
4295898971
4295859385
4295880537
4295864185
4297029586
5037971165
4295896216
4296172324
5036772441
5037456341
4295873174
4295877591
4295897769
4296904058
5034172240
5067946946
5044270527
4295882451
4295884869
4296944255
5032036738
4295870205
5043318105
4296252307
4298517670
4295859121
4295915633
5001201525
4297889744
4296367941
4296449856
4295871670
4295891367
5001185997
5037638996
4298161697
4298283492
4295903323
5045068262
4295904886
5045821514
4295859279
4298009606
4295894391
4295900173
4295868440
4295875731
5035093743
4298160473
4295869098
4295875407
4295876894
5040953896
5000015746
4296440647
4295903949
5001300283
5042229970
4295887822
4297412378
5000612732
4297847432
4298006735
5052536735
8589934339
5042958170
4296653805
5000032594
4295907747
4296602160
5073622784
5037992291
4295889856
5034763261
4296745041
4297391967
5000001799
5036197680
5000278214
4295871939
5057990563
5035905855
4296790654
4295886699
5037848087
4295898320
5000066221
4295899791
5037473892
5036380203
5061186409
5044099657
4297009143
5035172645
4295901501
5050986901
5015701844
4295903207
4295867795
5001428439
5060538972
4295861784
4295863358
5001421913
4296419010
4295913975
5040931171
4295862603
4295904652
4295907706
4295900281
4295903992
5040247401
4295878269
4295902800
4296093076
4297068349
5037947034
4295869718
4298491670
5000843338
4297739327
5043462703
4295866186
4296385121
5044207304
5051001722
5064030489
4296912568
4295895030
4295873421
4295886560
4296236763
4297422166
5000101840
4295880871
4297930528
5000314440
4295867385
4296570444
4296685907
4296416198
5000066884
4297026748
4295912319
4295873600
5042216681
4295915039
5000018414
4296543423
5000068610
4295908309
4295969037
4295885516
4297269548
5037631124
4295896230
4295886222
4295890764
4297870003
4298009982
4298485319
4295903176
4295875863
4295866396
5039147047
4298338103
4295904368
5001024524
4296719979
4295860591
4297861211
4295881247
5001105445
5052965231
5056435379
5037456309
4295861528
4295900747
5001304389
4295963865
5037355555
4298411935
5000176286
5055083120
4295903744
4295875844
4297248051
5074203637
4296807565
4296995093
4296240096
5000142556
4295912212
5035092887
4297884814
4295903113
4295862377
4296689434
5058529054
5058599302
4295895858
5042936734
4295859389
4295896219
5001103467
5037344059
5041746551
4295856466
4295889347
5001437102
4295871523
4296740944
4297544774
5000462823
4295872605
4295897144
4295904648
4295881372
4296496298
5053433421
4295887138
4295893454
4296705833
5000704050
4296555324
5000793658
5003644791
5035308081
4295890594
4295886226
4298333179
5000227152
4297275204
4295890372
5001196810
4295890673
5040041796
4295904446
4295865911
4295875607
4295906525
4297708155
4295885732
5040942455
4295862805
4295890615
5040172351
4295905833
5044731439
5036161510
4297710733
5000638326
4295862840
5039194221
4295869637
4295907543
4295875497
4298313842
5059036526
4295907337
5000003990
4297248275
5057771033
5000053530
4295869754
4295905898
4296818792
5000044825
4295870097
5080057732
4297925680
4296359510
5060559444
4295857433
5000066483
4297213141
4295913227
5035945261
5035931913
5037636414
4295913831
4295889991
5038059978
5000013787
4295894777
5001215612
4295903805
4295898865
4297696790
4295906238
4295862174
4298068040
5069404364
4298336048
4295906986
4295888179
4297747739
4295877223
5000792624
4297260021
4295894448
5044066446
4295889287
4295895187
5070761092
4298156185
4295915801
5036354883
4295889341
4295867386
5037364705
5046390586
4298019145
5041755459
4295874960
4295878743
4295905135
4295881824
4297660803
4295866034
4295904340
4297684579
4295873714
4295868725
4297736548
4296564940
4298014854
5068334143
5035927473
5036756126
5035394246
5000007999
4295858665
5033562382
5053438925
4295905539
4295907896
4295873529
5044065198
4295869903
4295903178
4297266026
5046305308
4296112636
4296066923
5000633434
4295900135
5037474010
4298464085
4295896438
4296098618
4295894667
4295872449
4295903820
4295912702
4296390050
5055417993
5046317163
4295893914
5031181460
4297943047
4296871372
4295904494
4295872506
4295905068
5042953035
4296071747
4295873455
4295881132
4295857009
5049968579
4296127407
5066572571
4296654484
5040946973
5040929809
4297647171
4298031452
4295900625
4295885408
5036226797
5059004811
8589934326
5037450750
5000058442
5001182687
5000030143
5046280109
4295886936
4295873022
5040251457
5001252238
4295899244
5040244748
4295885738
5000053957
4295885702
5064575725
5035150131
4295896494
5038079425
4295895587
4297884785
4298105828
4297862124
4295889298
5045852632
4295895741
4296173452
5035418654
5000704362
5059068267
4295891340
5001114659
4295864515
4295896421
4295867473
4295894878
4295884647
5066558455
4295902906
5044365006
4295878634
4295907858
5046056528
5001195975
5000715995
4295897326
5000433087
4296998011
4295861697
4295880559
4295912104
4295892850
5000058518
4295933384
4295894149
5063095579
5000946530
4295903678
5037351437
5040257024
4298266353
5058999384
4298007752
4298488398
4295914215
5037942622
4296094930
4296298213
4295522507
5000061087
5046039470
5001439306
4297171860
4297953781
4295875430
4298494519
4295868264
4295862002
4298319259
4296946366
4295890536
5054407586
4298324169
4296121199
4295875516
5041072349
4296992493
5000236068
5000074393
4295910031
4295994150
4296474229
5050266576
4295915331
5016827759
4295912284
5000680007
4295859509
4298517666
5001183982
4295886834
5036759075
4295890229
5037845636
4295863153
4298213554
5000682112
4295867357
5047442275
4296685340
4297030140
4295885016
4295903920
4295859763
5020794687
4295888540
8589934563
5000844936
4297629704
4295908381
4295897632
5050923176
4298421564
4296587884
4295894282
5058967754
4298052340
4298013750
4297572936
5000073706
5036761033
5001080301
5037647342
5057763793
4295894951
4295882010
4295897830
4295898751
5063312935
4298205653
4295905105
5000026056
4295904888
4296841975
4295904966
4295898008
5000144489
4295913764
4295864531
5044028562
4295893653
4295905952
5040954052
5044022556
4295907629
4295862674
4295872696
4295872979
4295885750
4295915809
4296292834
4297729368
4295868297
4296192102
4296691948
5000005070
5042242660
4296169648
4295865940
5000091323
4297065001
5000038896
5000793106
4295872393
5001203771
4296736274
4295890243
4296450943
5000714889
4295858403
4298270450
4295869083
4295866871
4296671767
5037349206
4296999026
4297852855
4297366065
4295906783
4295895145
4296202147
4295861309
4298538029
5021081579
5037651663
4297065669
4295867394
4298160150
5035390968
4295890013
5034844193
5037352154
4298052414
4298159870
5044623340
4296929230
5037652099
5051609461
5000008115
4295905130
4298041033
5046048301
4297926774
5059073916
4295861482
4295890647
4295906954
5045250914
4297576107
4296957737
4296236950
4298361764
5021202658
5052544698
4296060950
4295885349
5042963958
4296298229
5035423865
4295884772
4295901583
4295897705
5071504390
4295956252
4295905973
4295856299
4295877060
4295903883
4297031910
4295894507
4297171096
4295879868
4295869671
4295868417
4296273359
5037847262
5042258681
5039599153
4297230348
4295899274
4296064109
4297651536
4295955155
5000068970
4295858578
5064612761
5000864562
5000480178
5000824105
4295907056
5000057425
5035422320
4295888033
5001165286
5051782479
4295903487
4295858988
4295913359
5037928699
4295911999
4296891121
4296319896
4296241518
4295890291
4295903181
4295893976
4295896184
5000694294
5001430875
5059028552
5045517345
5039586441
4298158649
5017976520
4295904118
4295858505
5037346527
4298129753
5035939674
4295906449
4296512881
4295882829
4295904969
5000009109
4296752645
4295901450
4297658126
5001150119
5041064571
5039105932
4296622362
4295872684
4295885561
4295890588
5074238144
4298215541
4298203724
5000494103
5000172938
5058606106
5001297030
4295880391
4295875035
4295908521
4296373211
5040312109
4298036152
5053128159
4295903830
4297604031
4295875443
4295867424
5000009914
4295897799
5060555751
4295882062
4295904672
4295898051
4295906306
4297553268
4295904788
4297033847
4295869786
4295890779
4296572153
5001437569
5068315139
4295869785
5013301202
4296373105
4298008871
5046043585
4297268809
4295895197
4295889415
4295887098
4297398343
4295891811
4297400502
4295856627
5000739242
4297775216
4296694457
4295877398
4295872173
4297725749
4295871025
5046714286
4295869482
5040049469
4297915223
4295884844
4295905617
5037614167
4295894987
4295907681
4295906241
5037586466
5044095778
5035300964
5035542125
4295869849
4295861160
4295898934
4295876067
5000057716
4295912023
4297093922
4295890631
4295859319
4295865240
4295876951
5037442037
5045391056
4295865763
5045371166
4296463019
4295914696
4297558057
4296091527
4295895031
4295894416
4296995090
4297630586
4295877302
4295908139
5037265920
4295895427
4298204106
5000348157
5037958512
5001210278
5040956294
4297760512
4295903284
4295895044
4295894627
4296741457
4295867366
4298465656
4295869543
4296301199
5000057422
4295903693
5068469642
4295894769
5000062533
5015028298
4295886976
4295900024
4295856585
4295912336
4298436884
5046660936
4295875291
5061192369
5037477896
4298007131
4296037754
4298007872
4295894786
4296048186
5000058042
4297866296
4297263157
4295874891
4296091924
4295903602
5037436132
4296074172
4295884190
5000034531
4298463418
5000031994
4297642799
4295866259
5033561415
4297107215
4295907981
5000629028
4295900348
5000057902
4298133676
4295904450
4295869860
4297685465
5037638327
4295899340
4295872094
5000090242
4295892162
5079238992
4295894188
4295906967
4295876965
4295899129
4295869983
5055435315
4295877313
4295898763
5000069094
4295899884
5000052635
5064595706
4295856504
4295907020
4296238495
5051520067
5040946517
4295896475
4295877357
5000071825
4295900349
5043462779
5039983760
5037632065
5000451252
4295891504
4297179581
5040203428
4295863310
5080029869
4295869716
4296722947
4295889139
4295889745
4296345192
5040145126
4298519580
4297996302
4295903309
4296356166
4296604851
4297225165
5000090594
4296367942
5037365094
5046654827
5000735940
4295894242
4298156782
4297860280
5000055864
5000004542
4298435622
5001216168
5036398194
5035252401
4295861491
5051786366
4295915674
5000017084
4298344006
4295859347
4296562349
5054883646
4295894471
5019896138
4296378248
4295864167
4296597489
4295883546
4295912543
5000039946
4297899797
4295861773
5001351575
5035392741
4297775594
4295875504
4297613688
4296381247
5046390332
4296309892
4295874870
5000483496
5001110569
4295904472
4297965480
4296383626
4295905495
4295887677
4295894191
5000590837
5034898379
4295890022
4295899448
4296135235
4296281071
4296785728
5035525689
5000127627
4295899919
4298432362
5000040366
4296356161
4295867410
4295916199
4295862084
4297646243
4295858503
5044171680
4296319949
4295908366
5000068676
4295869227
5000668552
4295869269
4295976599
4295894092
4296767269
4295918633
4295869561
4295903052
4295904782
5071148086
4298008784
5042259727
4295885529
4295894827
4295866721
4296075611
4295908317
4298027386
5000012458
4295906188
5037339838
5000039682
5046624728
4295875714
4297894002
4298112941
4298321601
5000466600
4295894669
5000741507
5040203322
4298546138
5000103308
4295881202
4295877423
5052540518
5045853118
5036780330
4297985894
4295899979
4295875726
4295907168
4296400350
4298163696
5037653855
4298422024
5037247830
5000003748
5076388984
4298444777
5038989359
5071526865
4295867263
5039719122
5066628109
5000043625
4295913894
4295874887
4297675239
4298261417
5000891646
4295885689
4295888681
4295869472
4295904063
4295875577
5000061807
4297702506
5000884596
4295869665
4296072139
4298338325
4295884747
5000058303
4295863289
5000030891
4298359019
4295892326
4296603506
4295872623
5000001291
4295902047
4297403642
4298459348
4295899571
4295897467
4295883628
4298293797
4295903224
4297460551
4295860771
4296584649
4295908436
4295872346
5035154985
4295861287
4297709480
4296408373
4296134360
4295905332
4295866603
4295862576
4295877375
5001140119
5038066492
5000043854
4295875158
5060594117
4295869515
4298025305
5050699342
4295883382
4295884272
5000255455
4295911035
4295877428
5067945741
5061949398
4295900382
4295901855
4295946327
4298444676
4297598700
4296682724
5043953197
4295866580
5057817278
4295866448
4297498547
5036199903
4295905172
4296662501
4295860642
4295907454
4295902979
4295887127
4295897673
5000000933
5042944033
4297141971
5036383104
4295867411
5038041023
5067166077
5040208467
4295885547
4295903838
4298052508
4297218484
5042932770
4295897441
4297253775
4295890412
5000613605
5037132048
4297188082
4295915855
5037432493
4296381540
5052163644
4295866012
4295912530
4297642723
5037433743
4295866607
5055949356
4295888098
4295915993
5047641305
5052134790
5000117079
5042238812
5037129162
5043336408
4295874865
4295904896
4295887079
4295914761
5000763103
5000614869
5071485741
5037139745
4295895273
5000596403
5034796348
5041079009
4297598428
4298292480
5055469083
4295901926
4295889513
5046317940
5081167787
5068319723
5000650449
4295914878
4295861869
4295868633
4297162195
4298297703
4295858523
4295900031
4295875399
5037452657
5037249709
5045818204
4296725985
5024485424
5000935285
4295890232
5043331395
4297959312
4295866466
5035083877
5000862523
4295915491
4297547964
5009967453
4295895761
5037655096
5000845262
4295864484
4298451125
4298324776
4296888599
5000636618
5000658492
4295860600
4296760890
5038060367
5040703474
5045053707
5035524943
4297697115
4296064151
5076899332
4295890025
4295865910
4298121615
5037442981
5000445691
4295859223
5067952430
4295904411
5044248100
4295889821
5055475775
4295907568
5000880968
4296758106
4295895109
4296009723
5050705971
4295888187
5037433929
5081389657
4295869742
5037129784
4296820812
4295899462
4295885367
4297599343
5057950164
4298163629
5037249554
5015009958
5021614464
5064623101
5000272337
5055463506
5038039445
4295896316
4295889511
4295867872
4296616463
4296042793
4295903829
4295902864
4295891362
4298147043
4296750448
4295912318
4295870766
4297292034
5000111546
4297634877
4295857611
4295896503
4295971585
5000451167
4296672075
5028044050
4295890511
4295865469
4295903104
5037281344
4295896623
5041064108
5035428112
4295873163
4295897579
4296021200
4295869203
4297229351
4295883314
4298008900
4295894647
4295989752
5042260712
4295955097
4295856795
4298054798
5066606298
4295895023
5000683649
4295907807
5057737104
5037314759
4298007716
4295872801
4295882081
4295895600
4295862898
4295894732
4295900454
4295908600
4295885525
4297643511
4295902603
5046712955
4296340007
5050710924
4295874775
4295906748
4295903265
5057957727
5063729268
4295907165
5042247568
4295905851
4295895553
5036199022
5000000011
5037277391
4295860745
4295887411
4295899064
4295895853
5035168365
5080018867
5001181602
5051008809
4296340513
5046434940
4295859326
4297976129
5009425452
5042213818
4295915611
4297340434
4298095588
5037269263
4295904711
4296768626
4298156208
4296546916
5000035131
5000845871
5081386755
4296059073
5058606673
5066542386
5000788031
4295895969
4296701495
4295859844
5037450527
4295900973
5000051580
4298050238
5043337560
5001738799
4298484799
5040791332
5001468192
4295989612
4295899311
4295856055
4295897683
4297008957
4295870068
5001428097
5037041054
4295867387
4295885867
5044315190
5040050265
5040944268
4295890627
5057938469
8589934550
5037948458
5000135440
4295861317
4296954915
4295871682
4297615809
5043342310
5040045482
4295862417
4295860149
5001394294
4296884146
4295874940
5037937948
4295857514
4295863118
4295880570
4295859596
4295886629
4295872186
4297678825
4295889554
4295889506
4295881588
4296030389
4298475354
5071556730
4295908660
4295863067
4297558006
4295907968
5000698227
4296019575
4295904976
4295900954
4295899021
5051767913
5057937629
4295905181
4295962086
5076393641
4295894676
4295860374
4296712334
4296540346
4295881154
4295871561
4295890078
5036894248
4295884931
5079235196
4295881230
4295873184
5035546723
4295894616
5040250443
4295912279
4295887083
5037138322
4295860786
4295858704
4295912040
5046652293
4298148528
4295911051
5000049627
4296374431
5050715547
4295865681
4295910585
4295908720
5040232226
5000656018
5068319826
5055473879
4295912253
4297883116
4295903461
4297674642
4295894743
5046274429
4297927148
4298111679
4298412276
4295907446
4295890576
5042943443
5047644454
5038079211
4295875598
4295863941
4296131472
5000472497
4296399242
5034758962
5056233494
5040241774
4295873648
4295890114
5040437677
4295884507
4295909059
5039800782
4296177203
5000071778
5001229906
4295872691
4295884546
5057818536
5000049965
5037448287
4295281938
4295873543
5063776200
5038910363
4295859051
4296404914
4298296136
4296343109
4295868335
4295875148
4295881987
5037363389
5037474235
4295933371
5000712764
5036754982
4297255184
4295898769
4295900188
4295905486
4295865054
4295864494
5000198375
4295912121
4295868979
5000724903
4295868464
5000726772
4296325663
5000474462
4295877369
4295997898
4295912097
4295869694
4298305589
4295857469
5039683268
4295875616
4295903169
4295863774
4297821411
5007707965
4295903247
5044339763
4295890996
4295906595
4296146017
4295968965
5041081550
4295880875
4295904499
4295906877
4295901021
4295905544
5000030822
5037990199
5035084232
5040950076
4297600524
4295896547
4296741127
4298009146
4295888070
5000654014
4295859633
4295898944
4295863892
5037629570
5000026125
5081460893
4295895831
5040186364
4295907792
4295875117
5000708211
4295867927
5000042454
4295885577
5038079961
5064611861
4295880494
5063315621
4295889967
5000799571
4296853214
4295859504
4295880095
5036761752
5001435508
4295981143
4296290231
4297886791
5000724533
5000124281
5036194485
4295898588
4295863327
5000689867
5040950687
4295878958
4295904288
4295907119
4298250539
4295903091
4295869822
4295866302
5000389456
5001167004
4297453965
5037122192
4295856747
5046048089
5047642214
4295864274
4295894176
5000644263
5068780816
5034845523
5000680359
4295868029
5052526953
4295904686
5058158058
5061208560
5000017069
4295884961
5000615925
4297571030
5000432820
4295894916
4295889872
4295897836
4295857078
4295903195
4297406621
4295866221
4295890265
5000907245
4295906873
4297223491
5050709060
4298065499
5001251322
4297914575
5000746009
4296654928
4295890190
5040046120
4295894564
4295903908
4296031038
5000040917
4295870332
5001266285
5000209442
5070505881
4295904674
5037953494
4296109900
4295915818
4295908337
4295915928
5046043752
4297252379
4295894968
4295896303
5073962765
4295907509
5035462439
4295877528
5046711985
4296537637
5076360107
4297197647
5000060264
5050702778
5040202678
4295904608
4298338228
4295906121
4295856048
5000456188
5037316356
5000013918
5000250079
4295906830
4297887090
4297601277
5076951976
4295885704
4295890713
5039678649
5000154273
4295897405
5000018695
4295907922
4295868081
4295880574
5001182000
4295902963
4295908242
4295901009
5039114007
4295905111
4295877415
4295898217
5071526508
4295898476
4295875113
5036768876
4295868255
4297892134
4296422658
5041983224
4297406541
5063175690
5034752356
4295888525
4295884333
5000009711
4295889840
4296448249
5001078762
4295871135
4295884511
4296713288
4295863330
5054694685
4297533128
4295862421
5003632611
4296920438
4295907309
4296610781
5000787434
4295903111
4295918450
4295867209
4298172584
4297045017
5000987636
4295890924
4295894904
5000024915
4298465475
5037100913
5046707762
4297878852
4295866970
4296054494
5047820374
4295914405
4297214127
4295861591
4296650093
5001639386
5071548744
4295861766
4297158269
4295905537
5015966070
5051394530
4296716576
4295873719
4298156931
4296151933
4295903377
4295890254
5039613100
4295915175
4295868986
4295885707
4296113914
4296646210
4295903129
5082425138
4295906546
5034761403
4297783788
4295913863
4295862776
4297911712
5000356661
4297577592
4295868681
5000751089
4298015178
5044191940
5000053331
4295876915
4295859376
5063741125
4295889432
4295866131
5051757507
5001122976
4295871522
5045512328
5000119629
4298010008
5036785195
4295906251
4295866723
5000612259
5001114876
4298009252
5043334606
4295904483
4296065447
4295870731
5001395754
4298199662
5035414782
4295867256
4295899612
4298451106
5057950853
5051791783
4295903017
4296438030
4295891078
5073156222
4295906994
5052961466
5043319456
4295869130
5047855510
4295884943
4296684146
4296835537
5067944886
4295858766
4295904647
5015138915
5000347376
4298521106
4295908588
4298323884
5050720409
4295867376
5000056385
4298018805
5000849242
4295862380
5000046943
4295883040
4295857989
5045247746
8589934212
4296357381
4295866494
4297931702
4295868248
4298324043
5000010707
4296676381
4295861540
4296869343
4295903494
5057934391
4295869187
4297069644
4296895455
4297204554
4298517191
5003273089
5001435979
4295856742
5040698382
4296072739
4295916144
4296660835
5000106060
5000011221
5000024733
4295912004
5038068388
5000750012
4295899669
4298158915
4295893471
5000844920
5034819398
5037639494
5053940864
5000587675
5039190104
4295900333
4295907295
5053445367
4295859508
4295881024
5000074606
4295894468
4296844640
5063718703
5000675483
4295908504
5042232812
5050308061
5046380419
4298016482
5000715270
4298132895
4296947940
4295914077
4298531507
5035467503
4298014978
5001212217
4296334804
8589934227
4295867824
4295890299
4295891500
4296633209
4296078621
5039844145
4295908622
5000014280
4298091868
4296050422
4295902506
4295882105
5000364834
4295901542
5065317761
4295868038
5000787771
4296676169
5000018286
4295914097
4295900840
4295894824
4298122120
5000180282
4295881194
4295859236
4297507379
4295902257
5001067523
4295984999
4295877353
4295887355
5039079335
4295867261
5001432390
4295899008
4295868320
4295868698
5043416261
4295902449
4296033349
4295864122
5045763586
4295859238
4295905625
4296887900
4297267897
5060592373
5038034116
5000926232
5046039105
4295865062
4295904837
5043463814
4298431423
4295865561
4295899625
4295859831
5000013748
5068339229
4295896056
4296337081
4295857956
4295915385
4295899921
4295888575
4295908615
5000807300
4296501103
4295902738
4298363006
4295884812
4295889865
4297644900
5040932194
5045988724
5000402845
4295908326
5045390794
5037992130
4295903853
4295867514
4295913633
4295951037
5000056851
5037944539
4296797169
4295894245
4295890653
4296901934
4296963658
4295884743
4295867205
5000707328
4295906573
4297804295
4298217560
4295878841
4295905707
4296491162
4295869167
5044007634
4295866515
4295872678
5063738211
4295907009
4295895971
4295866888
5040265867
5000668799
5038908093
4295884308
4295903126
5000730209
4295881619
4295887179
5000432721
4295884926
4297416812
5000795447
4295913928
4295867368
4296609880
5055407291
4296014538
4297033803
4295860372
4295866484
5001438511
4295859490
4295904129
4296048428
5000258949
4295908564
5046437086
4295886906
4295881078
4296627232
5040194787
5042259357
5045518012
4296454873
4295885156
4298159750
4298010037
4295860381
5000037389
5037247854
4298010948
4296215370
4298180761
4295913981
5000098388
4296334993
4297999263
4295908176
5036853682
5036775571
5038039248
4295915699
4295896458
4296836622
4296197135
5037351941
4295903382
5000422851
4295862571
4295868250
5000263481
5001199074
4295866532
4296272908
5000770897
4297808425
4297828175
4295896619
5000014363
4295870023
5000629076
4295906779
4295890400
4297833949
4295905064
5050273032
4295864961
5037850179
5040244658
5045867137
4297144968
4296264733
4295886466
5037343840
5055941534
4297908020
4298165294
4295873558
5043315888
4295866829
5045819159
5050277215
4295901599
4295894137
5046395563
5046705342
4296327969
4295873612
4295866387
4295889320
4296471926
4295906353
5004494268
4295866556
5001194527
4295884897
4297888839
4295884506
5052025033
5035455597
5074015493
5001224698
4295912225
4295910016
5000052904
4296537668
4295913146
4295867374
4295872275
4298036427
4298008742
4295860948
4295880522
5038915059
4295867015
5000695479
5050989509
4295898060
5060922193
4295869067
4297852453
4296453816
4295859725
5037928014
4295899430
5037937603
4295894248
4295860645
4295884344
4295902984
4295903741
4295866862
5000388033
4295912041
4295885039
5036215415
4296913437
4297247778
4297653215
5000722311
4297062764
4295881084
4295899797
5043317807
4295891425
4295866433
5035460216
4295955145
5039924917
4297883520
5048904025
4297793633
5045880046
4295926500
4295859106
4297093660
4296599763
5001206358
4295926654
4295866559
4295864149
5055675169
4295905082
5036762483
4296963573
5064608221
4295898822
5037658915
5000771393
4295869506
5052150990
4295899053
4295883974
5037970913
5043319980
5035396310
5000944028
4297826495
4298412711
4296858442
5044787448
5073356610
4297823400
4298004301
5040259170
4295890323
5000418186
4296739148
5035154255
4295873567
5050265347
4295904137
5000023486
4295913732
5035166860
5000031450
5001205002
4298358877
5037840579
5046300432
4295908336
4296296314
4295858547
4295898858
4295907752
4295880516
4295889502
4295904081
4295861521
5051610055
5043344483
4295895028
5073960860
4295861310
4298548174
4295903120
5000727652
5036984397
4295869612
4296547047
5000738383
4295864272
5000156210
5051775617
5041750190
4295907644
4295885581
5000055834
5000930574
4297626627
4295894493
5035743622
5046705939
4298458436
4296887173
4295902939
4297213612
4295993262
4295872611
8589934289
5024524601
4295874202
4295895244
4295891357
5042254800
4297289471
5000002406
4295905947
4295943337
4295650441
4295897596
5037478590
5034762856
4296413334
4295866035
4295910131
4295899027
4295857847
4295871953
4295859396
5040253380
4296202140
5000062703
5047104166
4297475334
5000721764
5040251358
4295908448
5000751028
4295880585
5000072269
4295877094
4297384194
5000861521
5042212888
4295874828
5000737435
4296610484
4295861743
5000067632
4295900491
4295908016
4298266751
4298487609
4295904335
5036371547
5040943011
4295896661
5056980284
4295907589
4295896675
5035399023
5045849327
5042224227
4295899290
5000071917
4297606368
5055123241
4296726890
4295864704
4295872682
4295896998
4295905583
5035774022
4295934351
4295875842
5062458687
5067161640
4295890634
4295906157
5040258834
4296021020
4295876068
4295889547
5038910332
5020480106
5081404411
4298025328
4296031467
4295896095
4295882985
4296530638
4295895781
4297764280
5001172992
4295891081
5042958012
5067178937
4295915885
4295900428
4295899203
4295905108
5051097621
5035535490
4295873160
5000034415
4297089638
4296331229
5040707450
4296956271
4295875615
4295908173
4298052453
5035547333
5035429664
4295913731
4295867415
4295903531
4295867226
5040952394
4295911705
4296451588
4295862965
4297057843
5008426632
5035546503
5000075299
4295897646
4297330463
4295921565
4298337778
4295866534
4297987722
4295903051
4295866057
4298463071
4296941820
4298458647
4296195258
4298008643
4295872481
4296735014
4295902158
4296740030
4297205259
5035394679
4298133236
4295880332
5000034567
5041046883
4295873497
4295863081
5040697296
5000363587
5045225489
4295899516
4295886615
4297632841
4295885456
4296226556
4295915628
4297141831
4295872618
4295904357
5036796635
4295877383
4297672096
4295868150
4296066007
4295890197
4295888666
4295887092
4298533765
4295890218
4295906024
4295858396
4295895447
4295904374
5050473034
4296543172
5052531022
5037349589
4295887074
5001206438
5037143593
4295870883
4295870063
5040698624
5001064734
4295857935
5040271210
4298208308
5039732185
8589934328
4295875182
4295875095
4295903891
4298142470
4296383704
4295877325
5000026352
5037349339
5039682674
4295869210
4295914547
4296726654
4295868678
4295869233
4295867165
4296159682
5056412292
5046297721
4295896491
5000756039
4295889486
4297812487
4295856053
5037075762
5064597168
4295898736
4298039025
5000348785
5000034530
4295859972
4295868520
5000044993
4295861516
4295866390
4295908502
5000591498
4295866490
4295877341
4295866606
4295901514
4295916135
4296029157
4295875411
5000051106
5001180842
5001440035
4295908525
4295858334
5000600179
5044031902
4298052496
5037056922
4296764886
4295905057
4297502242
4296973711
5000193370
4295857641
4295890620
4295880794
5043419173
4295878761
4295905786
5053126625
5000004652
5010778369
4295866813
5000024706
5041750795
4295908368
4295890664
5052795164
4295875180
4295908075
5040048869
4295866378
4298204394
4295872392
4296909887
4295901852
4295903567
5000369732
4295895665
4296018538
5035085445
4296239710
4295890672
5000684081
4296155775
4295875436
5000396406
4298209952
4298361900
5044022434
5047103959
4295902841
5047872421
4298480696
5000595414
4295865833
4295905311
5036653793
5040240640
4295877335
5034770833
4295904982
5066596957
4295884721
5000691897
5059999091
5035525738
4295907043
4295857141
5041750580
5001621500
5037961722
5000480030
4295903254
4296920976
4295908158
5000458553
5043416888
5036352903
4295915365
4297933204
4295899337
4295879109
4296496837
4295915653
4295890475
4297904822
4295867456
4297734577
5040706141
5037929447
5061332840
4296922479
4297734640
5073967491
4295896208
5043319761
5000701155
4298221730
4295907317
5000113318
4295906807
4297278257
5000043876
4295880543
5042953363
4296135521
4296374349
4295860040
4296285504
4297203470
4295856173
4296913770
5040950368
4295906179
5037036359
4295857491
5037953666
4296147543
4297076905
4297329846
4295867483
4295901413
4298297257
5035902593
4295916203
4295908500
4295908573
4295901825
5000587859
4295897284
5035754086
5000032330
5048024352
5037348545
4295906583
4295906629
4295908167
4295875798
4295908186
5035256887
4296576655
4296468188
4295889667
5043951500
4295865124
5001218491
5037955918
4295903875
4295861372
4297504834
4295903940
5000866630
5001450965
5040759857
5001199437
4298493330
5000778354
4297759905
5066596648
5001190439
4295902370
4297037336
5015030103
4298144000
5047749948
4298174140
4295904132
4297683936
4295910977
4295898786
4295884627
5037842611
4297219952
5057757046
4295856624
5001057925
4295877384
5000511551
4295899517
4297687008
4295890370
4297082900
4297878446
4295902195
4298520802
5063741945
4295894762
4295890066
5045904126
4295880075
4297075730
4295875799
5046711465
5000094200
5001438227
4295901644
5052794556
5000036379
5053439229
5001233948
4295904635
4298361548
4295907310
5037960567
5000039167
4295859421
5064651295
4296674035
4297931639
5000842048
4295895818
5042217684
4295881548
4295884661
4295873594
4296278570
4295869123
4295899710
5037747774
4297157956
4295904722
4297267131
4298292746
4295885485
4295856620
4297659982
4295907827
5000605295
4295903740
4296760796
5035155584
4295890351
5035313195
4295907908
4295889563
4295912046
4295869074
5048024162
4295914943
5067839665
5064638054
4297227555
5035152066
4295897408
5035708251
4296718376
4295859790
5044310361
5000021791
5035730239
4295858439
4295914055
5037847419
4295864094
4297864562
4295885559
4295896519
4295873411
5000653475
5000042112
4295941945
5044177251
4298203720
5062453595
4295861306
4295869354
4298015190
8589934305
4295882004
4295905180
5044178555
4298139729
5042187757
4295912249
4295894587
4297191140
5061034036
4298118552
5001184043
4295897363
4298166560
4295894074
4295859598
4298095779
5000056249
5000470887
5001218753
4295903388
4295863430
4295866092
4295915677
5000799441
4295898932
5036426400
4298052352
5051387035
4295903619
4295882591
4295890182
4295903204
4297942074
4295903800
4295904951
5046439717
4295910738
4295976161
5059068064
5000588490
4296158175
4295905139
4295866771
4295860659
4295894497
5000060411
4295856489
5000217415
4295875783
4295940206
5047641169
5001099265
5043439786
5035757736
4296593464
4295904061
4295899733
5035758218
4295903128
4295872504
4295866459
5035966246
4295884891
4295905915
5000843188
4295899159
5001229924
4297875295
4295860866
4295881908
4295858552
5041073640
5037942010
5035256174
4295884874
5004772722
5050279399
5037319571
5000033354
4295877908
4295907634
5051758300
4296872007
4295859856
4295870814
5037476347
4295865996
4295908221
5052137767
4295916023
5043461948
5000192634
5001294915
5000456372
4295871068
5000144454
4296098759
4295885708
4298160676
4295895043
4296976162
4297074587
5001225029
4295877923
5000641390
4296110367
4296126108
4296726973
4295878227
5037358321
5037452759
4295903049
4295902119
4295890339
4295889572
4295873443
4295858622
5045870012
5000945086
5070509897
5035313833
5052135332
5057819640
5051398977
4297850579
4295877489
4295904880
4298014113
5046325761
4295908701
5000309685
4295874819
4297366394
5000037415
4295901963
4298457914
5045248452
4295871807
4297318376
4295900666
4297017551
4295904620
5064660780
5037343656
4295880393
4295861779
5047871765
4295904718
5063729103
5037940824
4295890395
4295894799
4298115232
5037137919
4298444109
5001176611
4295905337
5035877582
4295862531
4295902551
4298015114
5044176424
4295875019
5051045063
5015294239
4295859135
5044006442
4295884288
4295917743
4295894958
4295889280
4295870792
5068323986
4295879813
4295905494
4296648540
4295912021
5000479114
4295904172
5000002366
5051001781
4296673141
5055464639
4295885385
4296356113
4295903462
5001401004
5080025907
4295877827
4295863328
4295866614
5031255925
4295869217
4296830516
4296991438
4296783204
4295888603
5057763256
4295937134
4295904207
4295862452
5045067860
4295894852
4295861120
4295887159
4296252051
4295899207
4295866518
4295875165
4296427108
5001079715
5037948310
4295895815
5067952134
4296833397
4295903289
4295871263
5037659154
4295889112
5035460919
5000185773
4295955772
4295875755
5001439044
4295877321
4295857055
4297040159
4297934622
4295886555
5037920513
4295865576
4295866540
5059998878
4297319912
4295907768
4297853578
5035077152
4295866353
5042944369
4295863338
5034759295
5041979475
4297835955
4297993025
5041077571
4295894877
5000869310
4298531994
5043323787
4298376312
4296388820
5001183972
4295878517
8589934520
5065974123
4296013030
4295863394
4295903839
4295890020
4295887034
5000055065
4295875346
5035553862
4295861456
4295914493
4297023859
4295900027
4295914275
4295914983
4295866983
5000053849
5001225451
4298082502
5040256447
4298489491
4295942063
4295872427
5045847548
4295912846
4295904557
5055463242
5040949425
5045506845
4298141888
5046059233
5050647986
4295875177
5001304061
4295903068
5037458186
8589934314
4295868826
4295903890
4295866376
4295859739
5001436308
4295894326
4295900115
4295869259
5039616175
5037433728
5000034571
5000791112
4296713193
5037742206
4295873824
5000924855
4295905957
5000915326
5000050140
4295907244
5041082821
4295866149
4298157530
4295895205
5038034406
4296345868
4296482208
5000063518
4295890236
5037842614
4295904570
5044012363
4296101611
4295870779
5060528924
4296726121
4297315083
4295867220
4295905088
5000520579
4297003862
4295880403
5040273973
4298163212
4298141895
4295898231
4297247461
4295898151
5000460155
4295913024
4295903628
4295900096
4295865666
4298365629
5001281505
4295890927
5034758639
4295890823
4298429156
5000825889
5035173282
4295883014
5052124001
5000676964
4298146400
4295880925
4297460680
4295866410
8589934542
4295914572
4295890966
5052153996
4295894453
5000601423
5000214260
5035929497
4295907402
5037269033
5000062813
4295886938
4295875045
5044505542
5041978269
5000115851
4295873204
5044030226
5068477440
5001086167
4295907269
5004746334
4297276024
5000004654
4295907778
5021898555
5000118428
4295892788
4296343129
4296945111
8589934340
4295906529
5000254473
5000737983
4297152460
5035961173
5040696775
5037651868
4295868137
4295890660
4295894495
5000063237
4295887170
4297104843
4296868919
4295858772
5000041150
4295915715
5067494560
5057992551
5053732847
5000051358
4295863951
4295875079
5037634862
4295915608
4297195198
5037078630
5001150493
4295889791
4296121445
4298168415
4295908530
5003587332
5000056001
4295890156
4295898160
5044193409
4297927666
4295885383
5000621914
4296758227
4295914322
4295889892
5001170486
4295856983
4295904116
4295918551
5000072277
4298142773
4295903171
4296669200
4295859007
4295874692
4295884202
4295869106
4297271351
4298321885
4295914157
4295911959
4298455044
4297802045
4295906702
5053941080
4297973303
4297900834
4295867361
4297960205
4296170613
5066558765
4295908010
4295889521
4295889577
5040055176
4295866751
4296673232
5036885155
4295862324
5037845797
4296392574
4297254047
4295903076
4295900363
4295915832
4295905917
5067842678
4296751524
5000074124
4295871069
4298364697
4295860981
4297348198
4295885693
4295875072
5073086312
5000661692
4295887158
4295887812
4295902293
4295884321
4296976080
5036373812
4296877755
4296273681
5037651349
4297993962
4295857707
5056602017
4295867565
4297050701
4295862460
4295912459
4298156879
4295884746
4295864818
4295902706
4298031136
4295890335
4295889602
5000673573
4295904545
4298109063
4296585807
5001229291
4296300285
4295890327
4295896281
4295875510
5056429178
4295867372
4296549729
4297758825
5000793693
4296121468
4298236211
4296273782
4295900293
5000890508
4296719741
4296573956
4295902628
4295866725
5042236791
5040793796
5035757224
5000456794
4297735520
4295873910
4298217651
5037473967
4295903249
4295909367
4297185631
4295876952
5001428593
4298424328
4295905260
4295859031
4297393494
4295867509
4296215039
5057829986
4295894756
4295956040
5040059834
4295857492
5000006186
4295883439
5034788503
4296642676
4298234176
4295903422
5043440708
4295874952
4297992731
4295877311
4295879662
5000008013
5019356507
4295867362
4297289967
5030853586
5050699331
4295875123
5040251217
5040041143
4295886911
5035556084
5045517671
5001106519
4295914551
4297099399
4295868249
4296607773
5001008670
5040792873
4295859134
4295899948
4295870519
4296056029
4295869310
4295859534
4298410015
4295906776
4295906034
5035095885
4296045412
5039650639
4295893827
4295904048
4297291910
5000004975
5046390454
4295891304
4295905897
4295866610
4295902055
4295935378
4297965855
4295894740
4295860098
5051389193
4295903755
5076101034
4295911963
4298159457
5040195331
5000809165
5001815447
5000175143
4295898021
4295881034
4295886181
5032039850
4297539270
5000012981
4295903398
4297054968
4295907684
5035555243
4297554863
5000029585
5042944844
4297524293
4295895717
4295858586
4295869238
5057963242
5055464237
4296340671
4295875686
4295904633
5000055799
5038075213
4295868617
4298047101
4295858441
4295913751
4298015165
4295890148
4295890003
4295890473
4298014939
5047820421
5040058769
4296130599
4295894857
4295880644
4295884728
4296608200
4295863217
4295889303
4295867349
5001400697
5000623508
5040251213
4295889996
4297644584
4296384257
5036765491
4295908393
4296639990
4295895409
4295869244
4296691816
4298481489
4296495572
5046660761
8589934254
4295864455
4295904318
5057937478
4295902655
4295875633
4298034172
5036162966
5001099343
4295884692
5037347157
5000627265
4295891739
4295890361
4295879950
5000437105
4296088639
4295908005
4295894660
4295905634
4295900389
4295859580
5060785538
4296961643
4295893846
5000483523
4295911969
4296338600
5046703828
4295875832
5040240634
5000040066
4295903515
5073147049
5040826506
4295885939
4296633910
5035935551
5042231206
4295883593
4295861151
4297026556
4295890008
4298497340
5000405369
4295890226
4297260758
5035166483
4296438979
4295909030
5051003308
4295886418
4295995062
4295896489
4295869049
5046039618
4295866436
4295903699
4295890035
4296008750
4295889234
4295894996
5000059290
4296045339
5001374251
5042367426
4297825249
4298036388
5045817431
4295884284
5051396021
5049106857
4295861159
5000062056
5039879650
4295886071
4295866257
4295873341
4295981295
4295898967
5043464296
4297304759
4295903504
5000374643
4295903355
4295867377
4295899986
5000667749
4295860623
5042212476
5042943855
4295913508
5000069307
5000623718
4295861769
5038914175
4295867506
4298520093
5001188210
5000434067
4295905361
5050312107
5036767200
5035094814
5043906036
5000485233
4295866521
5038081551
4297935771
4295897959
8589934167
5000068326
5000006765
4295869214
4295904946
4295891691
4295884983
4295859761
5038907875
4295884730
5044339809
5037844900
5050640369
4295886593
4295904835
4295907012
5056702528
4295902987
4295981622
4298166952
5001435960
4295859200
5047441816
4295887379
4295897858
5031889023
4295905566
4295906709
5052542368
4295869114
5067952090
5001430361
4297272438
4295882178
4295880996
4297335853
4296350858
4295869236
5040438314
4298009621
4295884955
4295890904
4295885657
4295870666
4295905166
4295906279
5037137040
4295887788
5038070813
4295903753
4295890875
4297197392
5037357740
4295896447
4296482541
4297697952
4297042051
4295868215
4295872022
4295890628
4295911976
4295902674
5035413210
4295880552
4295863999
4296403172
4295860519
5001432610
5046959468
5001160570
4298272523
4295914795
4295859032
5037247217
4295912320
5044014470
4297647723
4298052255
5035397010
5000700830
5001188282
4295868896
4296372787
5035096337
5040262333
5052142624
4298298960
4296295884
4296819906
4295912155
4295895476
4295907283
4295904898
4295895732
5000821305
5000298436
5054132133
5000967008
4298015199
4295886018
4295904038
4295867428
4298157367
5035714862
4295885417
5037932217
4295889096
5038056692
5059974787
4295888592
4295903432
4295867571
5001228646
5000061603
4296569550
5029074550
5000073936
4297624150
4298007723
5056438523
5042935302
5000069206
4295911984
4295904627
5035938233
4295884322
4296710084
4295902326
4296857362
5035897083
5000007840
5000763951
5036224059
4296668958
5037818498
5046059430
4296923885
4298158412
4295875735
4295905060
5076357744
4295897440
5000018278
5036756382
5000073739
5048323561
5038035484
5000014741
4295880946
4295943298
5000890083
5000999539
4296728273
5040249498
5040253913
5035527223
4295866885
4295870171
4296826434
4295904825
4296863787
4298007715
5000655158
5042238391
5057565349
5000068858
4295872490
4295908558
4295896916
4296405081
5000694617
5037654614
4295909008
5000614729
4298009207
4298142615
4296242896
4295875288
4297655273
4295880584
4297286231
5000057989
4295903115
5000663210
4296376243
5037133783
5001391796
4295859381
5037645158
4298338355
4295875459
5000594300
4297112614
4295864546
4295867384
4295904414
5038909029
5074010827
4295866790
4295860511
4297023247
5000070839
5000886540
4295866604
5017515126
4295860111
4295913006
4295889909
4296785924
8589934333
5057439011
5035306021
4295856964
4295902251
5000061606
4295885638
4295868552
4295875274
5035550168
4297005770
4295890178
4295866474
5037960303
4295871412
5037434517
4295886337
4295872706
4295905908
5037062385
4295875202
4295867695
5000751234
4295890743
5027828363
5000450135
4295858460
4298266481
5000822866
5034757698
5000215950
5001202089
4295866315
4296648197
4295914268
4298206960
5000050143
5036165368
5059075899
4295903026
4297187762
4295911050
5050698094
5000013384
4295891726
5000075049
5000582626
4295894098
5000290074
4296834506
4298461479
4295876917
4295992566
5000062749
5050906954
4296824385
4296383825
4298025334
4295949984
4295894725
5080516118
4296843828
4295859111
5040952859
4296393500
4297124911
5001117624
4296288112
5001403999
4296135660
4295900025
5037435560
4295995754
4295871186
5067485877
5001814005
4295862991
4295857398
4295907485
4295904511
4298469067
4295866806
4295865181
4295860386
5037248850
4295907172
4295864985
4295906428
4295904461
4298365016
4295913397
4295883093
4295895403
5035887739
5000006516
4298167961
4295860459
4295877381
4295887192
4296690777
4298365362
4296045294
4295912648
5042943506
4295901003
4295877937
4297350707
4295898735
4295903205
4298152478
5038061248
4296658618
4296122434
4296763280
4295884971
4297002827
5040209181
4295894784
5000640690
4295895620
4296949391
4295880309
4297977453
4295912987
4295875124
4295880442
4295890532
4297704557
4296731841
4295890085
4296992313
5036229771
4295880577
5000004479
5042943790
5039035626
5044270635
5024531493
5041978537
4295866111
4296665734
4295904406
4295871855
5000667793
5040770082
4295903939
4295861318
4295880409
4296078981
5001093774
5000462704
4295912296
5071527038
4295905460
5035958334
4295904901
4297549039
5056413401
4295907071
4296768548
5003634573
5040209156
4297297477
5000001313
5001427347
4295905573
4297630974
4295895196
4295882785
4295964354
4295864860
4295872929
5050989391
4298355237
4297173259
4295983805
5034916531
5001437767
5035545423
4295877319
4298128957
5000125521
4298448787
5000412087
4295908195
4295903472
5040697970
5035755697
4297160277
4296364873
5039648774
5036228323
4296849751
4298438249
4297157941
4295898866
5000740801
4295872425
5076918157
5045823487
5040042141
4295905637
5039194008
4297834096
4295890739
4295908314
5034837851
5001367919
5000021294
5000045258
4297490515
5000448942
4296201554
4295904019
4295890973
4296872149
5042236405
5037242956
4295904853
4295893576
4295865947
5042256237
4295895730
4295894770
4295902600
5034843311
5072810025
4295938600
4295867538
5000049433
5048557083
4295866802
4296884109
4298217702
4295889649
4296767433
4295858761
4295858976
4298052377
5052962583
4295862596
5000006384
4295903592
5061034199
4295907347
4298014283
5076162151
4296833903
5000675734
4295872595
5046713281
4295862323
4295913625
5053436866
4298197111
5044006527
4295889873
5036190713
4296365096
4295872396
5044009027
5000187411
5040035452
4295884478
5000619007
5000722697
4295914059
5001107185
4295867045
5000113902
4295899099
5062342865
5036203586
5000828394
4298244140
4298365042
5000567168
4295890333
4295861231
5040056493
4295872517
5000437235
5040692368
4295872420
4296783237
4295903799
4296651674
5036348172
4295894791
4295873511
4295894926
4295890262
4297733932
4295906086
5000607919
5001681147
4295887317
5037281365
4295866533
4295861173
5000050959
4298073233
4295868223
5040194176
4297145396
4295890521
4295905591
4298253935
4295902402
4296913371
5000071379
5067950713
5000089102
4295870041
5040050523
4298127667
5000108368
4298459657
5051770125
4295905585
5044026458
4295895874
5000784801
4295866566
4295868463
5000708748
5001298529
4297551108
4295873002
4295903239
4296901909
4295907862
4295899551
5046390208
4296757955
4295903294
4296552071
4295867555
4295877318
5066588387
5079221808
5057940598
5000431525
4296981958
4295885731
4295868157
4295917672
5035523725
4297811498
5079904210
5057747362
4295865642
4297794508
5050901962
4295873320
4295905779
4296570282
4295864276
4295903809
5053508404
5045853804
4295874155
4295890061
4295889283
5040203284
4297480390
5000068398
5036189982
4295897987
4295907621
4296632393
4295873202
5001226956
5035931200
5040195432
4297568283
4295902665
4295867188
4296493646
5001121384
5035936739
4295885579
4295875513
4296316202
4295891757
4295858844
4295858014
5068304087
5000472715
5003188842
4295895258
4295908123
4295903586
5035705061
5001024283
4296420646
4295904341
5037650866
4295919556
4295871514
4296278222
5036191109
5056414537
5042221932
4295867170
5000030920
4296044719
4296951986
4295856781
5050700507
5001394374
4296603683
4295897438
4295869278
4295903281
4298361946
4297216679
4295874900
5060652786
4295906110
4295882288
4295868686
5000739375
4295882936
5020516686
4295869220
4296592433
4295903959
4296695796
4295867343
5068485821
4295892999
5067844252
4296685035
4295897786
4298066678
5000777969
5037626993
4296108595
4295895256
5040268020
5044196082
4295898106
4297883285
5000783666
4295907233
4298052285
4295898700
4295906664
4295890124
4295894341
4295860814
5035464643
5001437821
4298314986
4295881489
5000064208
4297412544
4296777832
4295889251
5040925387
4295888504
5000055624
4295868108
4295890058
4298151365
5000038554
4296281126
4295883548
4297632100
5000782866
5046436431
5045870157
5000437278
5001429496
4298533259
4295887293
5021792649
4295890183
5000537932
4295903136
5038054958
5057831617
4295891694
5037459726
5038074184
5071499918
4295912840
5037363608
5000869179
5046440092
5045624377
5040042589
4297945931
5069404555
5051786820
4295866401
4295893562
4295892089
4295866545
5000049504
4298009955
4295907333
5000006235
4295856141
5028044000
5046659565
4296667447
4295910595
5035166288
4295893512
5065326281
4295873486
4295898264
4297252469
4295897623
5037630620
5000001629
4295913786
5000049975
4296716308
5035958428
4296348736
4297804675
4295903923
5046707555
5039192850
4295893306
5000604622
4298069262
4296668475
5040050334
4295905750
5079697919
5051625825
4295870153
5034174397
5000509552
4295895184
5039936235
5046278162
4295895714
4295861148
4295863353
5001170594
4295866538
5037430696
5052537807
4295903644
4295896682
5000430363
5059963032
4298549299
4295904165
5046039327
4296602769
5040699189
5046868394
4295912660
4295902222
4298155361
5067950282
5000444997
4295890931
4295857825
5045065539
5050279337
4295909842
5065299013
5072830260
4295856427
4295868420
4296341902
4295897560
4295862020
4295904692
4297014730
4295902520
4295904051
4295887053
5042933340
4295898181
4295902632
5039682946
4295894972
4296633085
4295866339
4295906590
4295908396
4295949766
4295915324
4296602730
8589934200
5040276306
5035156308
5000349792
4295861059
4295899094
4296670182
5056394580
4295904171
5000445860
4296147251
4298009849
5001434247
4295885015
5000737707
5064652793
4295859522
4296623460
5044364482
5050725477
5000068201
5001109806
4295871887
5071568357
5035156519
4295887032
5058606633
4297215416
5074552778
5000264644
5000472343
4296805755
4295864705
4296798582
4295885633
4295894759
5071169675
4298219207
4295887102
4295897639
4295905288
5039923353
5000463174
4295885879
4297711847
5000066955
5000648437
5040059115
5000934453
5000075620
4295884672
5000806163
5037648234
4297578676
4295899787
5037852371
5059947589
4295903892
4298318745
5046039540
4298024660
4298009308
5037129977
4297356858
4295898951
4295905054
5037850765
4295864259
4295874142
4295859071
4296367700
5050948037
4298207986
4295875564
5044174330
4298009916
5001072353
4296658448
4295896995
4295869182
5040250145
4298044964
5014439907
4295876311
5000040440
4295904610
5016047446
4295905063
5000085453
4295874580
4295862629
4296775948
5000456679
5000067369
4297125150
5042228551
5050714881
5003664179
4295907254
5040252435
4295885483
4296199237
4295903160
5035157726
4296695079
4297832422
5039147949
4295887178
4295867367
5037837289
4295993564
5040054995
4296218981
5035418326
5000721709
5035544244
4296066078
5000010681
4296865551
4295866517
4298014982
4296988897
5037433144
4297874430
4295884859
4295898537
4295903896
5054883867
4295866434
4295902499
4295890065
4295869645
5052794930
4297769928
5000593949
4297073680
5052789544
4297561123
5038907930
5055801923
4295856130
4298467780
4298084928
4295868246
5055937186
5057566640
5052137706
4298215323
4297039174
4295893648
4295940564
5046037250
4295872161
5044030719
5057443242
5038913686
5064690523
4295903137
5057777149
4295877797
4298264355
5000010930
4295904170
4298065353
4295859577
5035254991
4295899395
5001097498
4295901424
4295905433
5037274997
4295904138
4295866480
4295893486
5035526182
4295904037
4295905431
5038040999
4295868957
4295883100
4295887487
5000030405
4295905360
4295897802
5000233253
4295907376
5040201850
4297698313
4295890024
5062049533
5000005360
5052541224
5000756048
4295887850
5052789878
4297676526
4298054620
5044523362
5040056978
5001104357
4295898337
4295869260
4296775889
4295916167
5037627186
4297350931
4295872412
4296813461
4295904482
4296828058
4295894182
5034904043
5036885538
5052523960
4295884738
4295892711
4295913962
4296077614
4298524503
4295903067
4297742933
4295885291
4295893064
5000057072
5076172898
4295885713
4295885727
4295899785
4295874146
5035905719
5045517379
5043601362
4298457978
5001450339
5039145127
4295895712
5079216932
4295872983
4296378879
4295892925
4295908666
4297035536
5072823543
5000051230
5000030355
4295912132
4295862533
4295895414
4298339385
4295877320
4295886908
4295875766
4295860456
4295866458
5059920160
4295904307
5000069335
4295905298
5059041162
5045916247
4295900476
4297772022
5040934892
4296393111
4295955207
4295884717
4295903508
4295915667
5011289706
5037347019
4295894789
4295858721
4298009906
5037128948
4295856855
4297977606
4295873756
4295895491
5043449189
4298339877
5000015294
4297706549
4295872971
4296835432
4295869662
5050308922
5057763209
5000072037
4295887815
5002592528
5000872742
5068331895
5000030092
5035502663
5074784463
4295865537
5067949117
5071081317
5001438555
5000238301
4295885687
5000759495
4297704074
4297721792
5051398926
5040049273
5044028126
4295877683
4295891102
4295903877
5044797545
5000000997
4298030146
4295906879
5000240954
4295860700
5001169025
4296948764
4296025949
4295866940
5044096807
4295962058
5000785352
4297313746
4295869467
4298424329
4298015188
4298171837
4296483321
4297369997
4296065837
5037616816
5037275637
4295914341
4295912282
4295867230
4295890573
4298500369
4298206603
4295880116
5043321284
4298158448
4295990823
8589934205
5063734194
4295917896
4295860092
4296989482
4295867331
4295859841
4295900556
5000307974
4295870111
4295914754
4295866846
4297388027
4296309931
5036212543
4296881248
5000757618
4295869198
5000045921
4296665593
4295876258
5052143727
5001339466
5035738422
5001109793
5050698408
5003629931
4297133648
4295868275
4295903880
5039585776
5057515075
4295887076
5064645918
4298157900
5000417463
4298041463
4295859621
5000608673
5041068898
5000068999
4295928959
5040791035
4298009953
5036394616
4295908523
4295888632
4295857174
5000507372
